100
1 10
0 1
0 1
0 1
0 1
0 1
0 1
0 1
0 1
0 1
0 1
92 1
31 57
80 10
0 4
0 1
0 1
0 5
0 1
0 2
0 2
0 5
0 2
0 1
51 10
4 11
0 4
5 11
5 4
0 10
1 0
0 2
5 11
4 5
1 11
47 3
4 9
1 0
3 5
86 6
28 5
20 2
18 2
13 4
28 6
9 5
100 5
76 1
70 2
25 1
19 2
28 2
82 6
20 25
41 37
78 74
6 74
9 39
37 18
44 4
1 0
10 25
0 22
9 25
84 9
34 16
8 21
9 12
4 6
66 14
65 5
37 24
23 37
46 7
68 1
12 37
100 10
7 16
1 24
7 55
7 20
1 5
7 51
5 23
2 1
0 23
6 50
71 5
2 44
1 40
2 18
2 15
1 5
94 1
33 53
79 10
5 5
3 60
3 2
13 1
18 15
12 15
15 3
6 16
18 60
17 60
75 8
9 23
41 14
73 71
38 3
0 11
27 32
14 31
19 40
87 1
16 3
85 1
72 6
71 10
35 12
1 15
49 13
46 17
16 6
42 1
8 5
47 20
28 17
29 21
63 1
58 1
61 6
0 20
8 46
74 59
6 22
45 13
40 4
84 5
31 8
32 9
24 9
45 11
34 8
67 10
18 34
5 6
12 21
15 1
3 0
27 33
7 13
13 23
9 34
27 27
49 2
1 23
1 15
67 2
22 16
13 16
98 4
40 42
23 19
0 24
44 71
100 10
1 2
5 6
1 7
5 3
4 3
1 6
5 6
4 4
0 2
5 3
100 6
10 58
13 1
4 24
13 1
8 82
6 53
77 9
43 25
25 4
5 33
40 33
4 17
41 28
43 26
39 17
12 1
95 10
24 16
49 3
12 4
2 4
0 12
19 100
26 49
4 30
44 2
96 100
34 3
7 22
2 21
2 24
80 3
91 14
14 30
48 2
97 6
2 31
0 34
2 35
0 20
2 25
2 30
100 3
99 89
4 81
99 89
90 10
85 5
55 2
13 4
95 3
24 2
51 4
77 2
26 5
95 3
52 3
50 6
37 3
84 7
11 8
44 4
12 8
42 3
98 10
3 18
5 8
0 19
2 20
7 3
6 17
6 16
2 5
7 13
6 19
100 6
31 39
38 42
2 23
35 25
2 0
26 42
74 5
4 51
3 4
9 52
1 48
1 43
92 5
45 20
0 36
94 47
53 96
28 7
57 7
25 5
17 19
4 11
13 11
14 16
16 3
13 14
68 1
39 96
56 4
23 10
2 3
23 7
9 7
100 3
12 31
50 0
12 84
100 4
46 56
0 15
30 32
45 48
97 10
1 5
1 9
1 8
1 1
0 9
0 8
1 10
0 4
0 2
1 5
87 10
1 15
8 2
49 19
49 23
41 11
13 23
48 23
10 23
13 23
42 14
93 10
1 68
3 1
3 20
0 15
21 68
21 16
0 13
5 19
20 58
16 66
100 9
19 36
29 63
29 12
18 13
16 63
28 43
16 37
29 55
29 32
100 3
23 26
13 12
47 27
81 1
18 49
83 10
22 0
56 0
56 0
50 2
18 0
25 3
10 2
1 1
25 3
22 0
83 9
39 2
36 2
4 2
39 2
45 2
45 2
10 1
45 1
5 1
39 7
1 20
0 1
1 17
1 33
1 4
0 24
0 16
61 10
6 19
0 1
1 30
1 1
5 18
2 9
1 16
6 31
5 5
2 31
90 5
0 2
37 0
32 1
36 2
31 1
97 6
9 15
91 3
38 56
91 2
55 40
7 3
78 2
36 13
2 10
95 10
1 13
0 6
0 4
0 19
1 4
3 13
1 3
3 27
0 25
2 19
99 4
7 41
10 59
8 4
2 53
83 10
60 7
60 8
7 14
14 6
32 7
61 16
39 8
6 11
15 13
12 16
100 10
34 27
62 3
76 15
43 8
76 54
43 28
23 19
28 43
3 6
59 27
96 9
2 9
0 16
2 9
32 30
11 30
30 1
37 30
37 23
37 1
46 9
23 11
3 13
0 7
24 13
5 14
23 14
10 5
19 18
15 18
60 10
2 6
2 21
46 12
2 3
0 14
60 60
12 6
25 9
15 3
5 2
86 2
0 6
12 9
89 3
4 2
4 2
0 2
87 9
11 14
61 7
61 13
33 10
11 15
7 10
8 12
3 0
26 15
70 6
40 5
4 7
23 2
25 6
40 2
15 1
95 6
1 1
3 12
64 14
68 3
75 16
13 0
93 6
9 18
16 39
7 39
3 9
20 40
11 35
85 10
12 51
12 60
12 12
0 38
5 29
4 49
9 22
8 56
1 59
7 12
77 5
4 16
9 23
28 17
2 13
40 23
100 3
88 7
31 24
14 24
76 10
25 22
2 6
21 29
34 17
14 5
5 8
36 20
11 2
36 24
0 20
34 1
27 27
100 10
5 9
2 0
1 0
4 12
5 12
0 5
5 10
3 7
0 11
5 13
85 3
23 43
29 23
29 19
49 1
0 8
11 1
11 9
84 10
50 20
62 55
59 18
27 5
0 42
5 55
42 37
62 1
37 16
6 16
60 7
22 0
14 2
8 2
10 5
47 1
38 3
45 6
89 4
8 30
10 78
1 1
10 17
82 8
70 11
8 6
12 7
70 11
24 4
70 11
12 9
70 5
72 4
15 4
34 17
56 69
19 9
91 2
34 4
8 0
100 10
9 59
12 5
9 4
0 16
18 71
6 13
10 45
8 43
18 54
8 54
79 6
2 9
2 30
1 46
3 49
3 59
2 44
74 7
17 0
36 1
48 6
29 1
24 0
15 3
44 0
49 5
14 1
44 1
1 0
44 1
37 1
94 8
35 9
12 21
24 65
7 65
80 4
13 0
34 8
14 34
43 10
9 2
9 8
8 5
5 2
1 3
3 17
0 12
3 17
4 3
3 17
100 1
14 15
100 5
1 87
6 1
9 87
0 1
53 42
58 7
6 24
0 47
4 39
1 26
7 7
8 23
2 47
36 3
27 2
24 6
8 6
30 2
1 4
2 0
91 4
20 62
71 5
36 14
29 62
83 10
70 0
41 0
81 1
81 1
70 0
67 0
39 1
10 1
70 0
13 1
100 10
2 13
12 6
4 1
4 16
16 1
0 1
5 27
16 7
6 1
15 27
