100
1 92
0 1
0 1
0 1
0 1
0 1
0 1
0 1
0 1
0 1
0 1
0 1
0 1
0 1
0 1
0 1
0 1
0 1
0 1
0 1
0 1
0 1
0 1
0 1
0 1
0 1
0 1
0 1
0 1
0 1
0 1
0 1
0 1
0 1
0 1
0 1
0 1
0 1
0 1
0 1
0 1
0 1
0 1
0 1
0 1
0 1
0 1
0 1
0 1
0 1
0 1
0 1
0 1
0 1
0 1
0 1
0 1
0 1
0 1
0 1
0 1
0 1
0 1
0 1
0 1
0 1
0 1
0 1
0 1
0 1
0 1
0 1
0 1
0 1
0 1
0 1
0 1
0 1
0 1
0 1
0 1
0 1
0 1
0 1
0 1
0 1
0 1
0 1
0 1
0 1
0 1
0 1
0 1
70 1
38 8
70 64
0 2
13 7
15 13
11 11
15 13
5 10
12 2
1 2
1 0
14 13
0 1
10 2
8 0
0 11
15 5
15 10
1 13
8 7
13 0
7 13
1 3
15 12
2 2
2 11
14 8
7 4
8 4
1 10
8 9
13 5
9 13
1 1
1 11
7 1
15 13
0 4
4 12
5 1
6 9
2 0
1 7
15 13
6 10
13 11
4 0
11 6
10 11
15 12
11 1
1 2
15 8
15 12
10 2
10 6
15 13
15 9
5 2
4 12
1 4
2 6
13 1
3 4
15 13
2 6
60 52
3 1
0 1
4 0
39 1
26 1
1 2
10 2
37 0
36 1
25 0
41 2
44 2
39 1
16 0
36 1
31 1
16 2
42 2
23 0
1 1
30 2
23 1
3 2
23 2
11 2
43 1
28 2
27 1
13 2
1 0
25 2
8 0
10 1
17 2
41 0
30 0
4 0
20 1
38 0
39 2
4 1
43 0
37 0
30 2
12 2
11 1
40 1
24 2
35 0
5 2
28 2
28 2
65 44
18 6
2 5
18 0
17 5
4 4
13 1
5 3
24 5
10 3
12 1
15 3
26 6
25 6
24 4
0 4
18 6
26 2
7 0
19 3
25 6
26 3
3 4
3 0
17 5
25 1
3 0
23 5
24 0
25 4
14 5
24 5
3 4
22 2
15 1
21 0
0 1
7 4
19 0
21 2
13 3
3 4
13 6
15 5
1 1
42 100
17 8
14 4
18 9
17 9
17 8
4 9
10 0
16 8
6 3
14 0
18 1
16 2
4 9
1 0
16 5
0 2
5 9
3 5
1 9
1 4
16 8
11 9
14 3
15 5
9 3
18 0
13 7
1 1
18 9
1 8
17 6
15 9
6 2
8 8
8 2
18 2
9 4
17 8
7 0
1 0
18 5
14 9
15 4
16 7
6 0
5 7
7 8
10 6
1 1
13 7
17 9
18 9
5 8
1 1
15 9
11 1
4 9
7 2
8 8
12 1
6 3
18 9
8 5
11 8
9 5
12 0
2 4
18 7
10 1
1 0
7 0
10 1
11 0
13 5
18 5
17 9
1 0
3 0
14 7
14 9
3 3
18 3
4 2
10 7
16 6
15 4
6 2
4 6
12 0
6 7
7 5
2 0
11 7
5 8
1 2
15 0
17 9
4 9
9 5
9 0
41 73
5 18
10 22
0 3
20 1
24 12
26 10
21 5
8 20
12 1
17 9
6 4
4 10
17 18
7 1
10 2
0 4
13 3
8 5
36 4
6 11
17 18
1 4
13 27
10 9
17 22
19 6
3 22
34 0
5 4
19 2
18 12
0 7
3 4
16 24
10 10
22 5
9 23
1 1
5 12
1 0
7 3
1 0
8 7
1 7
1 1
16 2
14 18
4 17
30 2
3 23
3 19
7 7
11 2
5 0
11 15
0 1
1 17
9 29
0 1
20 0
1 0
31 2
15 0
0 14
2 1
91 27
23 6
15 9
26 2
3 5
1 0
11 24
1 3
74 17
36 1
33 1
55 1
17 1
17 1
35 1
41 1
55 1
11 1
34 0
55 1
18 0
27 1
28 1
1 0
9 0
4 1
72 75
3 30
0 1
38 26
25 31
56 73
55 12
3 24
18 43
37 5
80 71
14 33
2 7
19 8
48 17
25 18
7 3
24 32
19 73
52 10
6 66
38 2
0 20
17 11
14 29
6 14
8 32
24 2
2 23
53 11
2 25
19 22
41 2
18 24
3 26
7 23
25 3
0 1
3 24
23 33
33 31
1 1
3 61
1 11
21 16
2 1
80 38
48 73
53 12
1 11
7 33
23 4
4 6
26 38
2 14
3 7
15 20
1 0
16 29
6 10
18 43
0 1
0 24
3 3
43 23
51 9
3 39
5 1
2 19
4 8
11 6
1 3
12 2
5 2
80 57
46 13
76 100
2 40
4 29
7 40
5 20
9 48
6 11
4 6
9 48
3 3
9 36
4 8
7 5
1 1
6 16
5 41
9 34
3 43
9 39
0 20
5 3
9 24
9 27
3 13
2 34
3 35
1 21
9 44
7 23
8 18
5 0
6 18
7 11
6 5
0 7
0 24
1 5
9 48
0 41
1 12
8 48
9 43
8 27
7 48
4 42
1 0
2 0
9 39
7 7
2 1
6 44
0 1
0 13
6 2
4 8
0 2
2 6
9 43
6 17
2 0
2 14
6 13
0 1
9 4
9 0
8 13
3 17
4 17
0 4
5 12
1 4
6 30
8 43
0 29
8 13
1 24
5 48
1 25
6 21
4 28
7 33
9 10
9 14
2 44
6 48
3 22
4 39
9 48
8 45
4 39
3 46
0 32
5 11
4 39
2 45
9 48
1 48
2 5
9 41
4 25
2 41
32 19
8 23
18 6
0 1
7 0
2 13
4 10
13 6
0 2
1 15
1 26
2 30
5 0
12 38
15 10
3 21
12 7
12 8
0 2
5 1
66 91
5 14
2 19
4 24
2 13
1 10
4 10
4 18
5 35
3 18
1 1
1 19
2 36
1 3
1 23
2 2
2 29
3 38
3 35
1 30
1 27
2 19
4 24
0 4
5 29
3 17
2 9
1 5
5 4
0 1
0 38
4 15
3 15
3 16
5 25
1 36
2 20
1 38
5 7
0 33
0 4
4 37
5 20
2 4
5 19
1 29
0 1
1 1
0 30
5 6
3 27
5 3
3 30
2 35
2 5
2 32
4 38
2 32
2 29
4 10
4 3
4 3
2 7
5 21
2 2
4 17
5 20
3 5
5 20
2 20
0 32
3 1
0 32
1 15
2 1
5 11
5 7
2 21
1 34
2 37
0 15
5 11
3 1
1 26
2 24
5 4
2 16
5 4
2 12
2 16
0 1
4 22
42 93
5 15
7 18
8 16
8 17
5 4
4 18
0 1
2 18
8 18
8 17
1 0
7 18
6 16
1 14
1 9
0 1
1 0
5 5
0 1
7 18
8 0
5 17
1 10
4 6
6 0
4 8
5 0
6 18
7 18
7 0
8 14
8 14
7 15
1 5
0 11
8 3
4 4
0 3
2 3
3 0
3 1
8 8
5 4
7 13
7 18
0 7
8 7
1 4
6 14
0 14
1 6
1 2
2 16
1 14
2 3
0 1
1 5
2 1
3 10
5 4
7 4
8 1
7 18
8 16
6 18
6 7
0 1
4 18
4 1
6 17
8 17
8 18
1 5
6 1
0 10
7 8
2 12
3 12
6 15
3 9
6 2
2 16
6 0
6 17
3 11
3 12
6 18
2 2
0 2
0 1
8 16
3 17
2 5
78 100
10 1
13 16
4 5
19 18
0 18
59 9
34 18
59 23
38 1
32 22
28 4
7 14
53 8
40 4
49 5
59 10
29 5
54 9
16 1
4 14
59 23
26 15
53 18
58 12
45 2
49 15
6 17
45 15
42 20
35 23
1 5
54 21
42 1
58 11
0 1
40 18
7 14
32 0
59 19
33 15
8 18
56 13
46 21
35 19
18 0
5 14
9 11
12 22
2 5
3 1
31 15
46 0
56 8
47 10
50 8
52 5
41 17
44 6
12 10
18 0
13 17
32 17
5 3
18 23
20 13
45 12
6 20
29 4
1 11
20 20
12 23
41 1
59 23
54 19
50 19
51 16
16 11
14 17
44 9
17 8
4 11
5 9
19 5
2 16
20 7
7 19
4 15
56 9
59 9
34 22
42 21
15 0
16 7
22 20
33 5
5 23
49 21
27 15
18 4
59 23
66 100
2 20
7 5
2 22
5 30
18 27
13 34
11 17
6 4
6 3
3 5
2 1
5 0
10 3
15 33
4 33
17 7
12 25
16 32
4 18
17 27
1 2
2 8
13 26
15 25
6 26
5 33
5 1
18 33
11 14
0 26
6 3
12 24
0 23
15 33
8 0
17 19
1 23
1 27
17 9
17 34
7 1
11 29
14 14
5 4
6 32
9 28
14 16
10 0
16 34
7 1
4 1
17 25
18 21
13 11
5 0
0 1
5 0
7 1
11 2
15 34
5 1
6 13
4 24
6 33
16 32
6 25
18 11
16 27
10 15
8 23
15 29
18 0
5 18
18 9
2 1
12 24
15 33
17 26
17 33
18 34
18 25
15 30
5 22
6 32
18 18
4 0
2 33
13 24
7 0
5 34
4 2
18 30
18 30
11 5
16 34
2 6
12 33
2 3
6 2
12 19
80 85
17 3
56 0
22 5
38 2
70 1
63 3
2 1
44 3
70 6
10 3
25 6
47 2
16 2
57 3
25 6
48 2
67 4
66 4
43 6
35 0
13 0
23 0
10 4
57 6
8 3
54 1
16 1
42 3
66 5
12 6
32 2
31 3
49 5
58 3
14 2
52 5
63 5
70 6
61 3
33 5
48 3
39 4
52 4
26 3
21 1
43 4
20 1
64 0
70 2
17 0
70 0
36 5
70 6
33 0
70 4
70 5
19 3
50 1
42 5
33 2
44 6
16 3
30 5
24 2
16 0
3 6
6 3
40 2
4 5
70 0
6 0
57 6
30 5
26 6
20 3
70 4
15 4
29 3
43 0
41 2
39 6
70 2
47 2
12 2
22 4
44 100
0 5
0 4
0 16
0 20
0 5
0 10
0 17
0 9
0 12
0 6
0 13
0 23
0 13
0 22
0 5
0 21
0 6
0 1
0 2
0 5
0 15
0 11
0 1
0 2
0 5
0 26
0 8
0 23
0 10
0 6
0 28
0 11
0 7
0 22
0 22
0 24
0 21
0 18
0 15
0 28
0 21
0 6
0 28
0 17
0 19
0 28
0 17
0 12
0 1
0 2
0 3
0 18
0 12
0 5
0 18
0 23
0 15
0 19
0 21
0 13
0 28
0 4
0 19
0 21
0 3
0 20
0 23
0 5
0 12
0 18
0 9
0 14
0 12
0 7
0 27
0 25
0 1
0 12
0 2
0 26
0 3
0 23
0 25
0 23
0 5
0 1
0 6
0 14
0 25
0 6
0 8
0 5
0 8
0 19
0 17
0 26
0 17
0 24
0 8
0 4
72 84
40 12
12 0
6 11
20 3
8 16
42 12
37 9
14 15
30 2
17 5
49 15
43 17
23 0
21 2
2 7
41 6
11 3
41 7
2 0
41 8
2 3
0 10
51 7
47 10
31 3
3 0
31 12
5 3
29 16
49 13
15 6
46 1
42 7
3 17
5 0
51 15
6 11
42 4
22 14
47 9
2 10
38 17
38 1
14 17
14 17
43 10
48 2
1 16
0 15
32 17
0 9
5 15
3 16
27 8
1 3
29 4
51 7
34 9
42 7
27 3
50 17
29 17
15 2
51 13
42 7
51 7
47 4
25 7
51 4
46 4
42 11
21 10
46 9
30 14
50 11
1 12
12 17
4 0
51 14
10 6
15 12
2 14
18 7
27 14
67 49
8 11
16 7
20 2
52 5
7 1
15 42
0 1
2 7
23 22
22 3
34 30
3 16
100 42
60 4
33 6
7 26
3 11
16 13
24 7
2 16
1 16
65 1
29 0
18 7
19 13
6 34
37 8
31 12
48 13
0 1
14 42
19 38
4 24
11 2
1 31
34 28
2 4
1 2
41 5
6 1
4 20
15 15
24 5
52 8
21 26
35 8
24 29
5 2
16 8
80 27
12 2
17 0
36 4
44 1
32 1
39 2
25 2
59 0
64 0
40 2
26 2
4 4
55 4
62 3
25 4
26 2
56 2
11 0
22 4
18 2
5 2
38 4
57 1
60 4
56 4
9 2
8 0
80 5
1 67
29 44
7 67
27 14
2 9
80 7
8 0
3 3
19 22
15 10
11 5
20 26
0 22
78 23
10 18
22 14
2 5
25 16
20 20
23 23
10 2
0 21
25 23
4 4
3 0
0 4
13 18
24 16
18 13
9 12
27 21
11 1
30 14
15 12
27 13
28 22
6 15
67 100
14 9
16 5
19 28
5 3
0 3
15 1
8 0
22 3
18 8
16 17
23 27
3 11
23 26
23 27
1 3
26 28
7 5
3 2
5 6
12 0
13 2
7 21
2 18
27 12
22 23
5 0
13 17
27 15
7 0
9 24
28 24
13 14
8 14
23 15
25 18
22 0
1 1
28 26
0 2
3 2
25 25
28 27
1 8
15 21
17 4
17 28
24 28
26 27
24 1
5 1
28 28
6 2
5 13
17 21
10 16
15 22
15 2
10 13
8 6
14 5
28 24
22 26
9 6
1 25
28 16
7 23
0 1
25 22
18 21
18 11
18 20
27 28
27 18
26 16
7 0
7 7
8 27
8 4
25 27
25 28
25 0
4 5
17 11
21 17
28 26
19 14
0 4
25 26
20 13
6 4
22 25
18 13
19 1
1 13
18 25
28 15
0 2
0 2
15 11
8 14
57 100
3 12
4 14
14 13
14 8
0 1
9 14
11 10
12 8
7 14
5 10
9 8
10 7
14 16
8 14
7 16
6 14
3 4
6 7
2 2
3 1
10 7
0 3
4 2
9 9
0 9
3 3
14 10
9 17
11 14
0 5
9 16
13 11
4 11
4 18
9 1
5 0
11 7
0 8
13 11
6 1
3 13
13 15
9 11
9 17
3 1
13 4
9 13
15 17
11 12
15 18
4 1
15 18
13 5
9 12
15 2
13 9
8 3
11 8
9 14
12 7
9 5
5 4
5 4
14 15
2 7
2 5
13 18
5 13
10 16
13 14
3 8
0 2
6 11
2 3
8 7
13 11
2 17
1 1
11 9
13 4
15 17
6 5
15 8
3 1
6 0
8 12
15 18
9 18
12 17
13 18
2 10
15 9
4 16
0 7
15 18
12 6
12 6
8 14
12 5
10 2
54 22
12 11
32 7
15 10
44 4
2 19
30 6
41 2
52 1
26 17
8 13
19 17
3 3
8 42
1 13
13 13
8 1
0 8
29 23
40 14
6 24
14 8
2 4
70 35
14 41
6 44
5 36
6 25
6 32
3 8
9 13
4 8
16 30
15 11
2 12
1 5
14 8
8 42
0 2
9 29
2 8
4 10
7 44
2 1
14 14
14 33
12 29
15 11
13 6
12 14
6 44
3 7
16 33
0 27
15 19
4 17
8 37
8 9
10 23
36 74
23 4
16 11
11 8
18 4
2 0
11 4
4 27
16 6
2 28
4 3
10 1
4 1
1 10
4 14
1 14
2 3
2 4
0 6
12 6
4 8
18 16
9 0
18 5
18 9
5 3
1 5
1 0
16 14
23 36
1 16
10 2
12 10
10 5
1 4
6 17
0 21
23 36
1 32
1 35
5 12
15 16
20 5
0 6
5 22
1 4
0 2
23 11
0 31
13 11
23 36
9 10
7 13
7 4
7 7
2 5
16 7
23 7
3 9
5 1
11 14
23 36
21 3
13 3
6 2
23 36
18 16
2 7
6 26
6 21
3 1
9 6
17 9
23 36
0 6
56 78
3 3
1 5
0 43
9 31
8 38
9 3
1 12
7 38
1 5
5 28
12 13
10 36
11 37
5 41
3 48
10 20
13 40
3 14
3 47
9 35
0 5
6 42
11 27
9 87
0 12
13 34
2 13
10 38
1 0
8 20
9 34
3 14
10 45
2 1
6 44
5 3
4 28
6 4
2 49
6 3
9 7
16 24
16 24
5 19
5 51
6 30
11 9
12 30
9 4
3 53
10 8
16 22
8 5
5 4
6 10
6 19
10 0
3 3
12 33
14 19
14 37
12 9
15 29
14 4
3 27
4 41
2 1
4 41
16 39
14 3
4 33
2 35
15 5
10 0
1 52
1 48
0 8
15 31
58 6
8 11
10 42
5 36
9 32
11 45
8 25
80 100
69 1
24 2
39 5
33 4
46 5
42 1
26 1
37 0
69 4
26 4
68 5
11 1
5 3
38 4
63 2
54 1
39 3
39 5
28 4
46 1
35 5
16 4
44 5
64 2
56 4
0 1
25 3
45 3
28 5
55 1
35 3
53 2
4 4
35 2
53 0
22 3
1 0
45 2
32 5
39 4
7 1
69 2
1 0
10 4
27 1
60 5
33 3
17 3
61 1
10 4
54 1
39 5
48 2
46 3
51 0
65 3
40 0
57 1
65 0
47 0
34 3
48 4
26 1
0 1
17 4
67 4
35 3
48 3
58 0
30 4
66 0
69 3
47 4
15 3
69 4
52 0
24 2
61 5
42 0
27 4
58 0
12 1
68 0
26 4
51 3
19 3
13 4
59 4
57 3
47 1
34 2
43 4
31 5
40 3
24 4
25 2
0 4
31 0
30 0
41 1
73 95
38 20
24 18
34 23
56 12
36 34
18 32
24 15
8 0
36 22
5 4
6 17
16 0
13 5
11 49
41 18
0 1
15 4
2 0
4 21
63 0
27 16
1 3
24 19
28 26
74 17
7 6
13 9
20 35
38 5
29 38
9 27
11 21
31 23
7 1
11 44
2 2
14 49
1 18
45 24
3 32
3 17
16 27
2 3
40 25
2 11
38 18
3 5
0 21
2 6
3 7
49 15
14 16
30 38
22 14
14 15
4 7
20 49
0 3
32 25
37 6
23 28
27 10
18 49
3 20
16 13
1 4
64 6
2 16
25 16
25 9
6 16
18 21
46 27
1 24
43 9
22 0
74 13
13 0
6 0
4 0
2 2
74 48
19 0
8 25
74 16
59 11
1 41
11 9
14 29
56 1
29 42
27 45
27 37
0 6
8 0
22 84
1 0
1 1
4 0
3 0
4 0
1 0
0 2
6 0
2 3
5 1
1 1
4 3
6 3
0 1
6 0
4 0
1 3
6 1
1 0
5 3
5 2
4 2
5 3
5 1
2 1
3 1
3 1
5 2
1 2
3 3
5 0
6 3
0 2
6 3
1 2
5 0
6 1
3 3
6 1
0 3
4 3
3 3
4 0
0 2
6 3
6 2
2 1
4 3
2 1
5 2
2 0
0 2
0 2
4 3
6 3
2 2
3 3
1 2
6 3
1 1
5 2
0 1
4 3
0 3
4 2
2 0
6 3
6 3
6 1
6 3
6 2
2 2
5 0
4 2
5 0
2 1
6 1
1 1
5 1
3 0
5 0
6 3
3 0
6 1
71 41
9 6
9 9
5 0
12 11
9 6
10 11
1 3
0 3
2 10
3 6
9 7
2 2
8 10
0 2
12 9
12 11
0 7
2 4
11 10
3 3
2 0
11 10
10 9
8 6
7 10
0 1
0 3
9 7
1 1
8 3
9 5
10 0
10 3
4 1
5 11
12 8
0 8
0 5
9 2
9 6
11 3
80 28
3 0
10 15
3 3
14 26
3 8
2 6
17 17
10 23
13 28
16 17
18 14
2 19
2 8
2 9
4 8
2 18
3 28
1 5
12 21
0 20
11 24
2 17
2 7
13 25
18 28
17 24
17 7
17 28
25 44
6 0
1 0
8 0
13 0
12 0
14 0
6 0
7 0
8 0
9 0
8 0
9 0
9 0
7 0
11 0
13 0
5 0
11 0
10 0
13 0
7 0
7 0
9 0
6 0
7 0
11 0
6 0
10 0
15 0
2 0
9 0
7 0
7 0
7 0
6 0
15 0
9 0
6 0
13 0
3 0
5 0
12 0
15 0
13 0
47 26
4 0
4 7
4 6
2 5
4 3
3 4
4 7
4 7
2 6
3 3
2 1
1 7
4 7
3 5
1 0
3 7
0 3
2 7
4 2
0 1
1 7
1 0
4 1
0 1
2 7
2 2
52 70
3 25
0 7
0 4
2 7
5 23
1 20
0 11
3 44
4 11
1 28
6 43
1 3
5 12
5 20
4 27
5 25
6 22
1 3
1 12
1 12
6 15
6 42
2 27
5 22
4 16
6 3
2 2
0 6
2 44
1 24
3 31
3 2
2 11
0 24
5 34
1 24
5 44
3 13
5 34
3 8
0 37
1 16
0 21
1 9
5 21
6 36
2 30
5 7
3 44
2 18
4 38
2 13
3 41
1 23
1 22
0 1
4 35
6 30
2 1
6 44
6 30
3 43
6 20
1 0
1 31
4 43
0 40
3 44
5 9
0 25
46 93
19 17
35 3
27 17
13 17
2 19
39 2
4 2
2 6
41 2
25 18
0 2
9 28
5 12
2 12
16 1
34 2
7 11
10 0
18 28
5 13
9 17
23 12
22 23
9 17
12 21
25 5
1 2
26 18
0 25
40 0
9 1
21 19
3 10
7 25
62 2
19 26
9 4
6 6
1 2
1 8
20 17
2 14
7 2
16 28
6 2
3 8
11 1
3 0
2 3
20 16
62 20
8 4
4 16
62 20
7 10
25 1
24 13
62 28
1 20
2 1
19 5
9 9
19 14
11 10
20 5
4 18
1 10
10 8
2 3
24 1
30 4
3 24
26 17
62 28
21 18
9 22
62 5
16 3
34 1
28 14
8 23
1 1
13 18
6 5
24 1
12 4
30 1
8 16
1 0
6 5
11 11
13 15
24 14
73 84
1 1
32 18
28 7
9 0
4 4
4 19
0 16
32 17
3 14
25 19
23 8
5 9
0 14
9 7
32 20
14 20
1 12
27 20
32 20
31 17
21 20
1 0
18 5
1 12
19 2
27 18
10 20
29 10
27 13
15 14
32 5
32 13
17 10
32 20
7 8
25 13
31 16
2 18
15 7
15 11
22 8
29 10
32 18
3 5
31 16
32 14
32 5
1 9
19 13
7 11
14 13
24 16
24 8
2 1
9 9
32 18
2 6
32 6
16 13
29 20
0 5
11 3
32 0
27 17
16 9
5 17
28 20
2 2
26 8
32 20
17 0
7 3
27 20
27 6
26 13
11 15
13 14
32 18
32 19
10 6
22 20
25 3
32 8
5 5
74 77
36 5
14 28
44 3
0 5
1 3
43 28
43 7
8 12
3 8
0 2
26 19
2 0
3 13
7 6
25 17
27 28
3 9
0 19
44 14
19 25
36 4
16 18
24 8
12 11
29 1
6 12
18 14
34 14
20 3
43 24
44 25
26 28
16 6
1 0
31 5
2 9
26 28
30 24
40 12
16 10
20 26
32 27
44 23
43 17
0 6
12 18
10 0
4 22
27 10
3 21
40 27
16 21
16 25
24 17
24 28
3 5
31 24
2 2
25 28
24 17
37 25
42 21
6 19
32 18
33 17
1 6
4 1
44 27
44 20
25 0
29 26
44 18
34 7
8 3
20 15
24 25
5 0
80 97
5 5
19 6
16 5
30 6
17 3
21 2
2 1
30 6
29 2
30 6
30 6
5 1
5 6
4 3
26 5
9 1
23 0
26 3
8 6
13 5
30 5
10 0
17 2
20 1
23 2
8 3
1 5
23 3
22 6
29 4
1 1
19 6
13 2
15 2
22 1
4 0
11 6
14 4
24 4
17 1
3 0
2 2
30 5
9 2
30 6
14 1
0 5
24 3
29 4
29 5
7 3
1 0
11 2
0 3
20 6
8 4
14 4
15 3
18 4
30 6
17 0
26 0
30 6
3 4
10 2
14 5
28 5
16 2
20 1
5 4
30 6
30 6
14 5
30 2
0 2
30 5
4 0
27 6
1 1
18 6
14 1
6 0
22 0
7 2
15 2
16 6
2 2
26 4
20 5
23 2
29 5
20 4
29 2
2 2
2 0
5 3
11 4
75 58
30 26
3 69
0 19
1 71
17 57
62 1
1 17
3 56
35 4
15 22
12 4
15 9
54 12
39 5
1 0
3 0
3 5
2 0
5 0
20 1
45 1
20 10
54 1
11 58
56 4
17 8
2 5
12 7
20 7
62 3
1 0
40 3
23 42
14 17
45 18
6 2
19 4
47 21
40 31
15 4
0 2
33 19
23 23
0 21
4 71
2 24
0 15
6 12
4 71
11 54
0 12
0 27
0 6
27 1
20 45
4 71
13 2
9 7
76 34
10 2
42 14
33 5
1 1
48 19
15 6
8 12
0 1
7 20
31 9
22 10
1 0
47 19
49 19
42 20
15 15
34 11
33 7
47 14
48 20
49 10
49 3
47 17
24 20
49 20
49 8
7 12
30 8
48 20
25 2
12 8
26 8
49 20
48 4
71 10
0 6
0 24
0 19
0 22
0 17
0 22
0 4
0 6
0 10
0 1
77 70
11 0
0 1
0 8
6 28
16 45
8 47
10 15
0 7
1 32
12 12
13 26
16 37
5 5
10 10
9 29
15 45
0 32
5 9
14 12
9 43
1 0
13 45
13 45
7 45
13 11
14 47
7 13
6 44
10 17
0 4
10 42
6 21
14 4
15 16
9 25
4 25
16 13
16 11
16 6
0 22
4 5
13 41
1 23
11 35
2 9
16 36
3 33
16 21
15 1
4 7
10 40
3 35
15 40
10 47
14 41
7 2
9 45
15 45
13 47
4 2
8 15
16 47
4 0
16 46
5 40
1 7
2 35
5 22
0 2
8 0
23 78
1 6
2 21
2 1
2 12
18 4
7 5
7 11
14 0
3 0
4 0
1 15
7 5
6 5
3 5
5 5
10 3
8 1
10 4
1 8
14 2
0 10
1 1
7 6
1 16
4 15
1 2
14 8
0 1
17 63
8 1
8 3
9 2
12 7
37 5
16 0
5 0
3 3
14 1
0 10
3 0
5 14
6 7
2 1
0 6
5 3
4 17
1 6
16 2
22 0
20 1
2 5
8 9
1 1
4 1
0 7
9 2
3 12
1 8
9 1
5 1
8 7
5 5
12 8
9 1
8 2
0 9
1 2
2 1
5 1
5 1
5 14
2 3
4 2
8 4
1 15
2 18
10 4
13 3
60 100
30 5
32 8
18 12
33 2
18 2
14 4
42 3
31 0
7 4
4 8
37 7
34 3
20 11
27 1
16 3
2 3
10 2
33 6
35 3
5 12
17 2
22 6
10 1
3 8
25 8
36 7
9 4
44 10
7 1
4 0
44 8
18 7
26 2
34 2
30 6
31 12
5 1
16 6
21 1
23 8
41 9
3 9
25 4
43 9
36 9
0 1
0 2
44 1
4 4
10 2
20 1
39 9
28 10
19 9
0 6
44 12
43 11
34 1
8 0
33 10
14 2
41 0
44 2
7 3
39 8
0 6
37 3
36 1
21 0
44 8
25 9
10 5
40 10
11 12
0 1
3 1
24 12
7 5
12 8
13 12
40 12
30 10
1 1
43 9
42 11
22 4
44 11
9 4
16 3
5 0
35 10
2 1
32 5
4 2
24 12
24 11
18 6
24 12
28 12
13 6
75 39
35 0
42 1
21 7
30 7
50 2
51 8
14 4
31 2
25 1
5 8
2 0
42 6
33 0
49 8
23 8
38 7
17 3
6 0
0 1
1 0
4 2
24 5
15 6
31 6
27 6
10 3
16 0
9 4
25 7
25 7
17 5
33 2
44 4
42 8
27 6
20 2
5 4
41 6
51 1
80 77
8 1
20 29
0 2
3 1
8 6
0 29
9 13
20 33
19 18
8 29
16 32
11 0
13 13
19 27
19 17
4 15
2 28
20 27
4 22
20 4
0 4
10 32
5 4
1 0
9 15
4 1
15 5
8 20
11 11
14 25
5 27
20 29
1 1
1 31
20 3
6 31
16 2
16 29
9 31
17 30
11 21
11 25
7 1
9 26
5 0
6 1
0 33
8 5
2 6
16 32
16 22
4 12
19 14
14 0
20 27
4 18
18 33
11 4
16 15
20 33
14 21
17 23
12 3
16 22
20 27
3 4
17 26
18 6
2 2
5 32
13 12
9 4
20 3
11 11
14 1
17 33
5 2
49 57
27 1
6 3
9 1
6 1
22 5
14 1
6 4
3 0
24 3
20 4
26 5
14 0
20 5
8 5
7 1
14 2
0 4
14 1
2 4
26 5
27 5
5 3
13 1
27 5
10 2
6 3
22 5
7 0
18 3
25 4
23 0
8 0
10 5
10 4
5 1
22 4
14 2
23 4
19 0
16 0
0 2
15 1
3 1
16 0
18 5
5 4
13 4
2 5
20 4
25 1
16 1
27 1
0 5
27 5
2 4
18 1
5 0
35 74
3 1
15 0
1 0
0 1
0 1
1 0
10 2
6 2
15 2
8 0
7 0
1 0
6 2
5 2
14 2
7 1
7 2
9 0
14 1
14 0
4 1
13 0
0 1
11 1
15 2
15 2
8 1
2 1
3 2
0 1
15 2
12 0
4 2
9 1
15 1
11 2
12 2
2 1
13 0
10 2
12 2
8 1
3 1
10 2
8 0
4 2
7 1
15 0
14 0
7 0
9 0
8 0
13 2
6 2
6 0
9 1
2 2
8 0
8 1
14 2
12 2
14 1
0 2
4 1
8 2
15 0
14 1
11 2
6 2
5 2
15 1
0 1
7 1
15 2
51 95
15 0
12 6
2 6
17 0
9 5
1 2
1 12
0 7
1 20
14 5
22 19
21 14
6 1
22 20
11 5
0 1
7 8
1 0
3 6
9 5
4 11
4 14
9 8
18 15
6 20
14 0
3 20
2 3
20 12
22 19
4 6
18 20
7 6
21 9
19 12
16 15
16 16
2 0
14 14
7 19
11 20
20 13
6 18
19 9
8 3
15 13
7 18
22 20
0 11
12 14
9 19
2 13
4 1
7 20
19 18
10 16
18 18
12 1
19 3
3 0
11 13
10 2
22 10
22 20
19 19
22 20
1 13
19 17
8 10
11 15
0 1
12 20
22 16
0 4
3 16
14 8
2 0
0 1
17 19
22 18
21 17
15 20
19 14
1 14
15 5
19 20
3 8
8 16
16 15
15 15
8 1
22 17
2 9
18 20
21 16
68 7
9 0
7 0
1 0
2 0
3 0
10 0
1 0
80 100
10 25
57 14
4 19
6 32
8 12
46 32
33 1
2 4
24 27
3 13
10 17
19 0
0 6
29 45
6 0
43 10
59 15
10 8
17 4
59 6
31 32
31 48
25 13
57 23
29 32
0 1
30 3
28 48
0 1
25 48
20 21
27 39
29 48
6 25
15 2
2 2
16 49
17 15
2 2
46 32
0 38
18 14
4 6
42 28
9 23
2 0
4 2
8 4
10 27
0 1
29 32
2 21
30 10
11 0
12 11
28 32
8 45
0 17
9 7
1 3
18 20
6 7
15 21
25 20
1 14
12 9
1 24
25 9
14 1
35 38
59 17
32 3
52 13
26 31
1 23
48 8
43 4
30 37
18 29
59 14
33 26
16 20
5 12
19 49
4 0
3 2
1 2
7 5
0 3
2 15
19 19
24 49
48 8
31 25
2 33
2 29
31 25
0 44
32 43
22 46
80 2
16 28
18 30
54 74
4 1
18 3
9 0
7 0
3 1
3 4
14 0
11 4
18 2
4 3
13 4
16 5
18 4
13 1
18 5
7 5
18 3
7 3
0 1
9 2
17 5
0 5
8 5
6 5
6 0
0 1
14 0
18 2
15 5
9 4
1 5
8 0
7 2
2 1
5 5
6 0
4 5
2 0
0 4
1 1
9 0
18 5
0 1
3 0
5 0
1 0
18 1
17 4
13 4
13 5
0 2
0 3
0 3
16 4
11 2
18 2
15 3
9 1
0 2
7 4
18 5
9 4
18 0
2 1
16 4
13 4
10 0
16 3
17 3
16 2
2 0
12 1
17 4
18 5
58 78
21 0
22 1
29 0
31 1
29 1
6 1
25 1
13 0
8 1
2 1
19 0
6 0
24 0
32 1
21 0
12 0
29 0
7 1
16 0
11 1
25 0
26 1
7 0
25 0
22 0
9 0
22 0
26 1
17 0
18 0
25 1
31 0
32 0
11 0
14 0
1 0
9 1
32 1
16 0
18 1
32 1
30 1
6 0
6 0
8 1
30 0
28 1
19 1
1 0
3 0
27 1
24 1
3 1
8 1
15 1
28 0
29 0
17 0
29 0
16 1
11 1
5 0
30 1
13 1
25 0
19 0
12 0
12 1
15 0
17 1
3 0
11 1
29 1
23 1
22 1
0 1
11 1
30 1
69 43
8 1
1 60
11 17
15 52
14 29
5 38
13 10
10 39
6 14
5 76
18 19
3 11
16 0
3 2
17 9
9 13
15 76
12 6
10 21
14 10
10 2
4 62
0 3
11 15
5 3
16 21
10 2
3 19
12 13
1 58
10 23
0 8
11 32
11 56
14 54
11 7
7 57
6 1
0 40
18 76
0 65
6 31
18 33
80 37
4 3
0 2
8 11
18 7
3 1
0 3
18 13
6 1
3 7
23 9
1 13
1 10
4 0
7 14
15 0
7 14
23 14
0 1
7 14
8 10
23 10
21 10
13 12
22 13
21 12
13 10
18 13
17 4
20 9
1 13
9 11
13 13
13 7
23 9
1 0
1 1
15 2
62 84
0 37
1 18
0 46
0 43
0 8
0 39
1 4
0 47
1 13
1 18
0 36
1 7
1 31
1 34
1 15
0 33
1 20
1 0
1 2
1 45
0 4
0 21
1 0
0 44
0 16
1 41
0 46
1 7
1 21
1 31
1 43
1 36
1 20
0 37
1 17
0 48
1 12
0 40
1 46
1 0
0 2
0 36
0 13
1 42
1 28
0 16
0 48
1 33
1 46
0 17
0 35
1 45
0 42
1 47
0 5
0 28
0 20
1 23
1 29
0 33
0 36
0 46
1 13
1 25
0 38
1 34
0 36
0 48
1 25
1 10
1 29
1 18
0 29
0 44
0 5
0 48
1 1
1 38
1 29
0 40
0 2
1 29
1 6
0 41
38 76
3 8
27 11
7 16
4 9
17 2
3 90
9 8
0 10
31 6
8 16
0 21
19 13
3 16
12 16
5 5
5 5
15 11
10 2
10 26
7 3
81 10
8 17
4 3
21 2
6 1
9 26
1 2
81 25
8 1
21 17
22 7
2 4
7 5
23 7
14 23
1 0
26 1
9 11
18 16
5 21
6 25
2 1
3 5
6 18
8 6
9 4
0 2
5 5
2 10
81 90
15 3
17 15
1 17
4 10
3 21
14 6
5 4
15 3
5 6
4 1
18 17
18 3
5 90
24 11
2 7
35 2
32 5
5 12
9 3
5 14
18 8
9 2
4 6
1 4
18 2
4 13
68 100
0 21
7 10
0 16
2 27
1 26
5 15
1 14
5 11
4 6
5 27
4 23
7 27
7 18
1 24
1 18
0 10
2 18
1 25
3 0
2 2
3 17
6 25
0 4
0 13
6 24
6 25
1 13
6 25
2 1
3 15
2 26
1 2
5 21
7 7
4 25
6 27
7 27
5 27
6 16
5 27
7 10
5 26
7 27
6 27
2 15
4 14
2 2
7 27
1 18
2 25
0 25
5 15
3 16
2 0
1 18
0 1
6 19
2 4
2 13
6 11
3 15
5 16
4 8
7 18
1 1
6 3
1 18
4 15
4 10
2 5
5 24
3 27
0 5
2 27
7 26
7 1
7 23
3 12
3 10
1 20
7 6
6 20
5 18
6 27
4 15
3 19
2 5
5 27
2 27
7 27
7 27
7 27
0 9
6 7
7 27
3 24
5 9
5 11
7 13
4 8
55 2
5 12
100 12
42 100
24 6
7 17
0 19
1 23
9 14
22 6
10 26
0 2
7 2
12 2
9 33
0 18
31 3
3 15
2 6
0 1
28 1
5 6
91 2
91 39
18 1
9 4
12 7
3 15
12 56
2 9
17 2
3 26
6 6
0 13
13 24
24 1
91 23
7 14
1 13
9 16
1 0
91 11
32 5
12 8
17 7
18 7
5 15
2 22
2 7
1 5
24 10
2 16
20 21
6 18
27 2
1 4
0 9
17 3
8 13
32 5
1 2
26 7
15 9
91 28
91 56
2 0
16 5
14 6
19 1
4 38
11 3
1 14
1 8
1 3
4 35
2 4
0 42
17 3
14 6
6 15
91 56
20 2
22 2
4 6
15 18
9 18
28 2
5 11
12 4
0 9
8 17
0 26
2 5
29 13
3 1
1 15
91 56
24 3
12 0
13 12
91 10
13 22
26 13
25 1
71 42
36 0
36 5
54 4
56 3
38 4
10 3
14 2
14 5
0 3
6 2
12 2
59 1
9 5
16 0
31 4
15 5
20 2
22 1
12 1
52 5
18 0
36 4
10 1
36 2
42 1
21 1
44 2
59 5
23 3
23 2
59 0
0 4
56 4
58 5
58 5
57 1
33 4
32 5
2 0
34 3
1 5
43 5
80 25
2 31
0 6
0 39
2 39
2 38
0 12
0 24
0 38
1 23
2 1
1 21
0 5
1 33
2 17
2 40
2 23
2 37
0 1
2 3
1 24
1 28
2 38
0 25
2 38
1 38
70 23
19 25
12 21
14 25
19 20
12 5
19 24
16 24
9 7
7 20
8 1
19 25
13 15
1 5
18 8
8 21
4 0
19 1
19 25
6 6
19 10
14 9
3 16
13 21
60 10
9 5
4 2
7 10
18 6
1 0
44 9
3 2
14 8
20 13
34 14
66 25
6 0
2 0
8 0
8 0
4 0
2 0
8 0
3 0
7 0
2 0
8 0
3 0
4 0
2 0
2 0
7 0
2 0
3 0
8 0
8 0
8 0
7 0
8 0
7 0
7 0
66 95
6 25
1 29
4 3
19 12
7 29
4 11
2 0
19 27
5 9
6 2
17 28
1 0
18 14
8 25
0 24
2 12
4 11
6 7
7 27
11 25
10 30
18 31
6 0
11 31
18 17
15 30
7 22
2 21
15 23
9 15
4 2
14 9
2 8
5 25
14 31
18 23
4 16
8 9
18 21
0 31
4 0
19 26
6 4
2 0
7 0
17 4
17 31
7 0
9 13
12 28
2 0
9 7
4 6
9 6
10 1
1 14
13 8
12 12
8 13
7 31
7 3
12 23
7 27
4 4
11 1
8 7
0 1
17 31
13 7
0 1
14 20
8 23
19 2
7 2
8 20
7 31
16 1
18 30
18 31
17 27
18 31
7 0
9 2
5 19
19 2
14 31
14 27
3 9
2 2
1 0
0 10
18 29
0 23
1 3
9 1
29 100
2 1
21 0
17 0
26 2
6 1
22 2
9 2
15 0
4 0
21 0
18 0
5 0
9 1
26 1
26 2
23 1
26 2
12 2
8 2
23 2
20 2
11 1
21 0
6 2
17 1
9 1
13 0
25 0
1 0
25 2
14 2
19 1
6 2
20 1
6 2
7 2
3 1
12 0
10 1
21 0
11 1
10 2
7 2
25 0
10 2
4 2
8 2
24 2
5 1
10 0
13 1
25 0
14 1
19 0
26 2
23 1
26 1
5 0
10 0
7 1
11 2
0 1
26 2
2 1
11 0
12 0
18 2
1 1
2 1
21 2
2 0
0 1
2 1
16 1
22 2
3 2
2 0
3 1
0 1
5 2
26 2
12 1
10 2
1 2
15 1
4 2
10 2
24 0
12 2
4 1
15 2
19 1
14 0
6 0
22 0
9 2
7 2
10 0
2 2
3 2
52 59
5 22
19 23
3 13
0 6
14 19
0 22
23 4
17 15
5 7
0 1
5 35
21 7
18 27
3 8
8 30
20 25
17 4
5 25
1 2
24 14
28 17
12 32
1 3
2 25
22 27
19 6
14 9
20 11
2 13
28 15
12 1
17 18
1 27
10 3
23 23
16 30
20 19
19 32
10 19
3 9
11 37
5 0
20 32
12 26
8 5
20 11
16 27
7 25
8 34
1 10
24 2
3 7
8 16
29 37
8 29
1 27
18 14
17 31
27 10
58 24
14 1
22 21
8 19
20 20
17 14
18 15
13 14
21 13
10 1
6 0
24 12
23 6
24 19
5 9
5 10
4 3
10 14
24 20
10 2
25 21
5 1
25 20
25 14
25 15
68 96
10 43
9 34
1 9
2 5
1 48
12 53
7 43
5 51
0 26
12 35
6 24
8 47
3 36
5 39
10 32
13 53
2 0
1 8
10 7
0 18
13 36
9 6
12 53
0 37
1 12
3 3
2 46
13 34
4 34
11 47
12 36
11 50
3 42
13 53
11 17
1 22
10 51
11 18
6 25
12 46
0 45
11 48
8 52
11 53
7 46
11 16
4 3
6 12
3 13
7 44
8 53
5 3
4 41
13 5
1 5
1 0
9 49
1 40
1 43
6 39
7 41
1 50
6 32
13 47
5 16
10 45
6 47
7 45
8 44
9 50
1 14
8 49
5 25
3 3
5 49
0 35
1 15
13 52
11 23
8 31
5 27
11 52
13 26
13 4
8 48
7 40
0 4
1 22
10 34
3 10
9 44
9 5
10 14
4 45
7 28
0 46
24 100
2 1
8 0
7 0
0 1
1 0
1 1
1 1
10 1
4 1
7 1
4 1
9 1
4 0
3 0
2 1
4 0
10 0
4 0
10 1
2 1
2 0
2 0
2 1
0 1
3 1
4 0
8 1
9 0
5 1
4 1
10 1
8 0
10 1
2 1
9 0
8 1
0 1
5 1
3 0
10 0
5 1
8 0
9 0
0 1
7 1
10 0
4 0
1 0
2 0
4 1
4 0
0 1
6 0
3 1
2 1
5 0
6 1
7 1
0 1
1 1
2 1
4 1
7 1
1 0
4 0
7 0
0 1
4 0
10 1
7 0
9 1
6 1
7 0
2 1
10 1
1 1
10 1
10 1
9 0
0 1
5 0
4 1
4 1
9 0
10 1
8 1
3 0
1 1
3 0
1 0
9 1
4 1
7 1
8 1
7 0
10 0
7 0
10 1
3 0
9 1
80 58
18 0
5 3
9 22
22 13
11 16
9 5
18 7
4 5
8 9
16 17
1 6
1 23
4 0
23 23
20 23
3 15
6 14
13 14
1 3
14 21
17 22
20 23
3 20
24 17
10 21
20 23
23 20
9 20
6 23
0 3
10 3
3 6
6 5
1 5
0 4
19 4
21 17
23 22
17 15
9 0
11 17
0 1
15 15
2 4
23 14
24 11
10 16
14 21
16 1
18 12
21 1
7 17
16 3
16 19
7 0
6 22
1 2
7 17
76 100
13 22
4 0
12 16
44 32
5 0
1 2
13 11
3 21
8 36
13 52
26 40
23 4
33 8
1 3
15 52
2 63
7 19
20 2
5 28
0 15
46 3
4 23
26 30
11 1
38 35
5 7
10 1
12 9
1 23
13 3
29 38
100 19
56 12
26 45
27 30
41 11
28 10
20 7
51 91
7 1
1 20
4 65
32 36
53 21
100 15
6 22
21 7
23 42
3 40
9 20
8 33
1 2
100 54
13 10
53 2
10 15
9 10
21 1
30 14
1 15
23 16
50 17
36 11
0 6
2 24
16 0
1 29
38 23
40 26
1 6
1 1
5 9
7 12
1 44
17 3
100 26
100 65
16 1
39 91
46 16
18 20
51 9
27 5
15 59
20 32
61 91
36 1
13 19
8 5
23 6
26 6
14 32
28 13
3 10
16 34
48 11
24 26
1 22
0 34
17 0
53 32
8 9
2 17
5 6
6 37
9 6
2 17
3 3
8 27
1 38
8 17
5 12
1 0
5 11
0 4
3 14
9 37
9 13
2 28
1 26
5 27
9 27
5 27
8 14
9 37
2 24
4 28
1 10
4 20
8 31
4 37
3 3
0 11
36 39
0 11
1 19
4 4
1 14
8 0
6 15
0 35
9 3
1 1
7 0
1 2
8 1
4 21
9 5
1 30
9 2
9 24
4 10
7 6
0 30
2 47
3 3
0 29
1 10
0 47
1 3
2 20
1 4
2 15
5 2
8 13
6 9
9 2
3 32
6 47
1 4
1 6
1 18
5 14
47 49
0 2
11 0
3 0
4 1
2 0
0 1
6 2
11 1
1 2
6 2
1 2
13 2
4 0
1 0
13 0
3 2
12 2
0 1
4 0
5 1
13 2
5 2
4 1
13 2
3 1
10 2
11 1
12 0
12 2
9 2
13 1
7 1
9 0
9 1
10 1
11 1
7 1
7 0
3 1
9 0
13 0
10 2
3 1
9 2
7 2
3 0
7 0
10 1
13 0
72 94
25 26
3 21
14 10
13 19
3 4
54 18
5 36
2 16
13 25
4 3
21 26
11 14
2 50
1 14
28 30
10 1
18 22
60 4
4 24
36 17
3 66
17 18
28 15
36 20
16 9
1 11
47 9
18 26
54 17
14 33
0 19
27 20
2 40
17 14
35 36
22 9
32 36
6 38
20 47
28 33
50 22
13 33
4 44
35 6
22 32
6 15
2 5
19 37
1 1
10 49
52 12
36 7
8 61
19 6
14 40
40 13
2 22
1 26
22 48
6 15
3 44
68 4
0 18
36 32
11 10
68 3
2 66
7 37
28 4
29 20
16 14
61 9
63 8
4 66
18 1
21 43
40 25
28 33
45 1
30 10
1 21
1 1
52 20
2 2
4 3
1 0
13 31
53 15
43 28
45 10
20 1
23 1
28 14
37 8
80 100
18 12
19 19
8 25
1 39
5 1
12 15
1 8
22 16
16 56
9 58
12 41
10 12
6 67
12 53
8 58
18 23
18 9
3 1
0 62
2 21
1 45
1 70
4 11
2 40
12 11
11 36
10 70
21 21
2 60
20 2
4 60
18 31
22 4
12 96
7 61
9 30
14 1
10 33
2 12
0 73
4 3
4 63
17 11
6 6
18 49
11 42
22 23
18 57
11 60
1 14
14 47
7 17
5 27
5 33
12 51
10 53
14 61
18 41
10 1
4 61
9 21
2 74
8 63
1 57
22 0
5 55
3 0
9 48
15 47
18 31
5 26
17 24
20 48
21 56
15 33
8 70
12 20
3 22
0 9
15 18
5 72
0 53
17 47
20 44
9 57
14 43
20 55
10 55
4 26
13 54
7 44
1 28
5 14
10 24
13 30
1 25
3 22
0 14
4 55
5 62
80 20
5 7
16 16
2 18
8 16
8 2
11 17
2 5
11 29
10 0
0 1
7 27
0 21
15 29
5 25
15 20
14 1
16 24
4 5
4 7
14 8
42 79
0 5
0 1
0 10
0 7
0 2
0 12
0 13
0 9
0 10
0 4
0 8
0 12
0 12
0 3
0 10
0 6
0 5
0 8
0 6
0 2
0 10
0 4
0 2
0 10
0 1
0 6
0 10
0 5
0 7
0 1
0 14
0 2
0 7
0 12
0 1
0 10
0 13
0 1
0 11
0 8
0 9
0 5
0 10
0 9
0 14
0 7
0 14
0 13
0 5
0 10
0 3
0 9
0 12
0 1
0 14
0 11
0 5
0 3
0 8
0 7
0 10
0 3
0 13
0 13
0 2
0 14
0 10
0 8
0 1
0 9
0 10
0 7
0 1
0 6
0 13
0 14
0 13
0 8
0 5
73 83
4 14
9 18
4 30
1 2
3 28
10 30
5 27
0 3
0 13
11 23
0 3
6 13
4 12
8 12
10 27
2 27
1 3
9 28
4 28
10 30
11 24
7 30
1 0
11 28
3 0
0 4
3 6
10 30
3 29
10 29
7 12
3 27
10 28
11 23
3 4
4 23
2 20
9 5
11 8
2 16
6 22
0 13
0 21
0 17
4 4
7 21
9 2
9 26
11 9
4 9
10 4
7 5
10 30
11 29
10 26
10 3
1 1
1 3
0 21
11 22
2 7
10 3
8 19
11 4
0 1
11 6
11 2
8 20
11 30
6 16
5 29
1 8
5 12
3 7
8 26
2 2
8 21
1 23
6 30
10 22
5 29
10 27
10 26
21 90
11 5
2 3
11 4
1 0
9 6
9 6
12 6
12 0
9 3
4 6
4 4
5 1
2 2
2 0
6 1
5 6
0 5
12 6
10 3
12 5
8 6
12 5
4 1
10 0
11 4
10 6
7 3
0 3
0 5
0 5
11 2
5 3
3 6
5 2
6 5
1 1
12 5
9 0
1 3
12 4
12 6
3 6
7 1
7 0
5 6
11 6
12 0
4 1
2 0
8 6
1 5
4 0
12 6
8 6
12 0
9 3
11 3
1 5
7 5
6 4
12 5
9 1
12 6
9 6
4 0
4 2
7 0
0 2
10 2
11 6
6 2
12 6
8 2
7 0
0 1
5 2
12 6
12 4
9 6
12 4
1 1
2 0
12 3
12 4
6 0
10 2
2 0
10 6
1 0
11 2
40 78
17 0
5 0
17 0
11 0
8 0
21 0
20 0
35 0
7 0
30 0
21 0
23 0
17 0
35 0
32 0
35 0
30 0
19 0
30 0
9 0
23 0
34 0
36 0
32 0
14 0
22 0
8 0
35 0
10 0
8 0
2 0
33 0
3 0
9 0
19 0
7 0
5 0
27 0
34 0
31 0
29 0
11 0
9 0
14 0
31 0
4 0
8 0
36 0
3 0
12 0
1 0
6 0
32 0
27 0
15 0
33 0
31 0
16 0
10 0
24 0
35 0
6 0
16 0
8 0
34 0
10 0
17 0
29 0
30 0
20 0
27 0
36 0
3 0
13 0
24 0
36 0
20 0
8 0
73 62
15 16
8 8
2 21
4 12
3 10
13 21
15 17
5 1
0 14
1 21
0 21
14 18
0 21
5 20
15 20
14 18
15 10
14 18
8 0
9 11
0 7
3 0
13 21
6 17
14 11
15 20
3 1
3 10
12 2
15 3
0 13
10 2
5 4
14 9
7 14
2 2
15 11
14 16
15 5
3 11
15 14
0 4
1 2
13 7
7 0
14 21
12 10
5 17
3 4
8 0
4 2
5 10
4 0
5 21
4 7
7 20
5 13
3 4
4 16
0 16
7 2
13 17
71 59
12 10
3 1
15 9
13 1
10 11
12 7
1 0
9 7
4 2
1 2
7 3
1 3
19 5
3 9
1 1
19 18
12 17
4 15
14 19
1 1
17 19
8 1
19 19
13 9
17 9
4 5
0 14
12 4
8 10
19 14
5 19
9 14
17 0
8 4
12 15
3 2
14 2
6 19
3 13
6 5
11 8
18 18
1 0
17 9
17 18
19 9
17 2
9 18
18 17
19 9
6 18
10 3
1 12
11 14
0 13
1 0
2 19
1 14
14 4
68 92
1 0
3 11
15 0
2 1
19 11
16 7
10 10
2 6
15 9
11 6
2 4
0 4
17 10
16 4
16 10
19 10
16 8
2 6
10 0
11 11
3 0
2 0
4 7
5 2
19 10
19 9
16 4
1 8
11 8
5 1
16 1
19 5
2 2
19 11
19 7
10 9
8 7
3 3
14 1
10 3
1 0
10 7
12 6
4 0
4 6
9 5
8 10
19 10
10 1
4 8
19 11
17 5
18 9
8 8
19 10
3 11
1 8
9 11
15 10
8 11
6 7
8 10
16 10
17 4
8 6
6 4
8 8
5 7
19 8
11 7
1 0
16 11
15 0
17 5
12 8
12 2
0 6
19 11
19 11
9 2
16 10
10 11
9 9
16 7
2 7
19 9
19 6
19 11
15 11
8 7
19 8
4 7
17 73
6 1
10 2
1 0
4 2
3 0
2 0
10 2
2 1
10 2
9 1
1 1
3 1
10 2
9 1
8 2
4 0
0 2
9 0
5 2
9 2
5 1
8 0
3 1
7 1
4 1
8 1
2 1
4 2
7 1
9 2
0 2
7 0
2 0
7 2
9 0
8 0
6 2
10 2
1 0
0 1
8 2
5 1
3 2
8 2
7 0
5 0
10 1
4 0
8 2
10 1
3 1
10 2
0 1
7 1
7 2
10 2
5 1
1 1
1 0
1 0
4 0
6 0
0 1
6 2
10 2
7 2
9 2
9 1
8 2
0 2
10 2
6 1
2 0
79 78
6 4
5 6
4 2
6 6
3 5
0 7
4 6
16 11
15 10
0 1
16 11
6 5
10 0
14 10
2 2
16 11
16 7
10 10
16 8
13 11
16 11
1 6
16 11
8 6
15 11
16 11
0 11
13 2
3 8
11 1
7 11
3 0
16 9
3 0
5 8
0 10
11 7
3 3
4 0
10 0
0 4
1 8
12 7
12 11
1 11
15 4
12 10
0 6
16 11
11 0
16 11
12 6
16 11
9 7
16 11
15 3
15 11
4 2
1 0
3 0
9 7
5 6
1 2
1 5
5 2
16 9
16 10
16 11
12 2
14 10
15 5
12 1
0 1
13 10
6 5
3 7
2 0
12 2
80 64
8 29
8 7
1 27
2 0
1 0
4 6
2 29
2 32
4 11
8 22
6 10
7 13
2 22
5 14
4 14
8 4
1 24
1 30
8 17
8 30
5 1
0 1
1 25
7 0
4 27
3 12
3 28
0 1
1 8
8 31
3 1
0 28
5 2
8 4
8 9
1 19
0 1
1 2
5 20
0 32
5 8
1 25
6 9
7 17
8 31
0 8
6 7
0 18
7 8
8 13
0 18
8 17
0 32
8 24
4 31
5 32
7 21
5 19
2 1
4 32
2 22
5 17
7 29
7 11
58 75
31 18
20 16
2 35
9 37
33 19
1 7
19 27
41 8
20 14
11 23
2 36
27 21
13 10
22 23
5 9
5 30
3 2
7 5
15 28
0 4
22 27
32 7
8 22
2 22
28 25
40 5
24 4
15 4
6 3
11 20
3 7
9 33
9 17
2 4
10 7
16 42
5 46
18 9
26 20
9 38
1 25
17 8
17 10
14 23
5 9
0 12
5 4
34 17
20 9
2 5
26 1
1 2
3 41
41 14
6 47
27 29
33 8
3 15
31 25
14 23
23 3
10 1
0 44
0 34
10 42
26 27
0 6
4 35
20 3
0 6
4 14
4 31
2 2
1 0
17 36
43 100
14 29
4 21
17 1
13 1
26 13
12 7
9 9
18 0
6 12
7 34
11 8
9 18
0 15
1 2
25 2
3 4
0 6
31 1
4 9
3 3
12 3
3 21
1 6
18 1
2 3
25 12
12 5
2 19
5 5
21 19
16 27
4 6
4 11
1 4
4 1
3 6
0 34
19 15
3 9
8 0
3 7
22 18
18 3
26 17
0 2
3 6
41 1
9 4
7 27
1 22
5 0
9 16
6 24
1 1
17 0
13 5
0 8
2 10
1 1
0 2
2 18
4 0
4 6
11 16
3 13
3 5
27 13
1 16
1 9
0 4
1 7
21 6
6 1
9 34
2 3
12 27
0 5
3 5
12 21
24 2
6 4
6 3
1 0
16 1
4 1
7 29
12 0
8 16
11 8
9 33
5 34
10 8
27 15
9 7
41 0
22 1
4 8
3 25
0 2
0 34
77 99
8 57
21 52
15 14
4 14
25 1
8 39
16 36
14 2
0 3
2 2
32 31
26 11
3 68
8 57
8 18
17 18
19 3
12 61
0 12
25 25
1 1
3 12
2 31
12 42
32 34
18 8
3 3
32 88
17 32
11 8
3 3
1 35
19 41
0 12
4 54
1 24
6 17
26 18
24 25
17 36
31 19
2 5
14 61
8 25
1 9
15 45
0 3
2 72
30 1
18 40
11 6
6 44
16 60
21 27
1 7
12 35
18 44
11 17
20 16
3 53
22 2
15 8
5 15
29 35
21 3
4 26
11 6
11 47
26 5
5 25
1 74
11 10
9 52
17 6
4 61
2 0
8 6
16 55
8 2
1 4
21 15
25 3
26 41
9 49
4 23
21 5
29 30
3 88
12 9
32 43
28 11
25 30
14 12
32 29
5 31
19 9
21 3
32 2
27 1
68 61
0 12
1 42
7 48
1 21
4 19
6 50
5 54
1 22
1 23
1 22
5 25
0 49
6 46
1 5
4 8
4 59
4 33
7 0
4 28
6 39
7 20
3 49
0 56
5 20
4 22
5 35
6 0
6 34
5 44
0 24
2 22
3 57
3 23
2 12
2 3
1 7
1 14
1 48
3 47
6 2
5 11
1 29
7 36
0 59
3 48
0 28
6 24
5 59
6 16
7 47
4 50
4 12
5 0
3 59
1 35
6 59
1 32
1 35
7 32
3 58
3 54
33 79
15 0
5 1
9 0
16 1
1 0
6 1
15 0
12 1
11 1
8 0
2 0
13 0
15 0
16 1
6 0
2 1
8 1
5 1
4 0
4 0
12 0
14 0
14 0
9 1
10 0
5 1
15 1
7 1
13 0
9 1
16 1
8 0
2 1
16 1
12 1
8 1
10 0
4 1
13 0
10 0
16 1
16 0
8 1
2 1
3 1
5 0
4 0
15 1
14 0
16 0
13 1
15 1
1 0
6 1
11 1
4 0
1 1
10 1
13 1
0 1
16 1
10 0
16 0
4 1
14 0
1 1
8 0
10 0
9 0
4 1
1 1
11 0
8 0
13 0
3 1
5 1
16 0
14 0
8 0
63 20
2 48
3 27
1 20
0 31
2 40
2 8
1 54
1 56
0 4
3 37
0 54
3 57
3 24
0 54
3 28
1 33
3 49
3 27
1 47
3 40
