100
1 24
0 1
0 1
0 1
0 1
0 1
0 1
0 1
0 1
0 1
0 1
0 1
0 1
0 1
0 1
0 1
0 1
0 1
0 1
0 1
0 1
0 1
0 1
0 1
0 1
95 1
85 93
55 6
15 2
47 0
28 4
43 1
50 0
15 5
70 44
10 20
13 5
34 20
20 13
46 19
32 1
15 13
27 2
25 8
2 15
38 5
40 15
27 13
29 19
19 6
41 10
28 18
5 5
46 20
39 12
27 5
6 9
3 8
29 6
41 18
40 7
5 1
5 3
14 20
35 0
23 18
2 14
3 4
44 8
1 18
2 17
5 3
46 13
40 17
44 18
46 14
46 15
43 3
1 8
67 66
24 21
25 10
24 14
24 27
21 27
8 2
28 23
8 19
28 26
24 0
2 4
26 21
3 27
24 11
18 24
19 24
13 27
24 14
26 27
24 6
14 24
27 18
13 24
4 0
1 20
8 4
3 0
1 1
15 27
2 1
25 25
2 2
15 26
0 3
28 0
27 16
20 13
0 1
23 2
23 7
7 15
24 23
1 3
21 8
9 0
26 5
11 16
15 11
12 4
16 27
16 27
22 18
3 1
13 2
25 19
24 27
0 9
0 2
20 14
6 4
26 24
13 21
3 24
24 8
0 23
28 14
62 33
2 1
0 4
4 4
4 8
1 8
4 8
4 6
4 7
4 6
3 8
3 5
3 8
1 0
3 8
4 7
3 6
0 2
4 4
3 8
2 4
4 7
2 2
0 1
2 3
2 5
3 7
3 6
2 8
3 7
1 4
2 3
0 1
4 2
57 1
24 18
94 59
30 34
6 40
34 31
37 18
21 33
11 3
0 41
40 43
3 12
40 44
1 17
31 23
24 20
25 41
7 44
37 44
2 36
2 35
1 2
15 44
18 31
0 11
12 5
19 20
15 28
7 19
3 7
3 12
21 15
34 1
1 23
16 25
32 44
6 12
29 19
29 23
23 5
11 0
27 24
28 16
40 44
39 41
29 5
4 2
26 30
33 41
0 10
1 8
1 9
21 43
37 20
39 43
36 0
38 44
36 21
8 33
7 24
30 41
36 37
63 30
0 50
1 14
1 50
1 37
1 23
1 28
1 10
0 21
0 18
0 21
1 7
0 50
0 36
1 26
1 24
1 20
0 41
0 17
1 30
0 19
0 37
1 41
1 50
0 2
1 36
1 37
0 9
1 50
1 38
1 50
79 100
1 36
0 2
14 82
6 33
0 23
4 64
14 55
6 9
10 45
8 25
3 40
2 41
12 60
2 5
14 35
8 40
1 61
2 23
2 11
1 4
9 82
7 27
8 58
13 41
4 71
11 56
7 72
6 29
0 34
2 19
12 42
10 34
9 8
11 8
4 52
4 65
10 49
12 8
4 73
13 82
7 40
3 30
0 50
2 56
11 67
3 62
7 46
14 49
0 62
10 16
1 6
13 37
1 44
9 2
3 9
11 49
5 14
10 14
4 50
11 67
0 11
9 26
3 48
6 54
4 42
12 29
6 12
0 32
3 1
14 52
13 23
1 3
0 42
6 82
14 20
11 37
11 52
11 21
11 40
6 7
3 37
1 9
2 4
0 74
13 44
4 26
2 39
6 1
2 5
0 63
13 25
5 64
12 33
5 11
6 66
2 10
10 23
1 7
14 24
13 19
53 27
3 0
0 1
1 19
4 6
6 3
1 0
2 22
10 11
2 7
7 20
9 27
10 11
2 1
4 2
11 28
0 25
1 26
8 27
0 16
0 1
7 31
11 13
9 7
10 3
3 14
6 23
11 28
100 87
8 40
16 42
31 46
33 9
30 49
33 47
28 50
16 0
20 7
0 3
31 48
2 18
22 46
33 10
9 0
25 44
10 43
31 36
27 42
30 39
29 32
30 39
16 43
11 11
8 36
32 22
19 31
24 39
11 49
25 50
33 31
26 31
27 29
8 39
7 4
16 41
16 1
12 39
21 44
21 38
32 46
30 50
18 3
4 2
5 18
8 10
29 50
11 48
0 50
33 50
13 24
31 20
26 30
20 31
9 38
19 2
5 16
3 1
26 35
1 23
12 6
7 12
7 50
9 49
1 2
2 5
7 32
0 8
27 47
5 11
23 29
5 2
33 50
17 37
14 13
27 35
33 33
23 32
14 35
21 20
21 10
9 2
11 47
7 19
18 0
27 38
33 50
100 39
47 19
13 10
41 13
0 5
46 14
7 2
21 2
50 4
16 13
0 4
45 8
46 6
33 10
27 7
37 0
1 13
51 19
1 1
51 12
14 11
1 3
25 1
53 20
0 1
42 15
8 19
12 4
3 10
20 8
12 1
47 14
6 12
35 6
18 7
10 1
43 10
41 20
14 13
36 16
95 56
32 0
40 9
86 2
21 0
79 2
67 1
71 7
68 5
19 8
45 0
63 5
77 9
21 8
14 8
43 8
75 7
6 6
31 1
74 6
24 2
22 5
89 3
0 2
55 9
80 2
27 8
9 7
1 0
69 8
33 3
36 0
86 4
73 7
1 7
48 4
19 4
41 6
37 1
87 8
12 0
65 3
22 9
11 0
70 8
74 2
48 9
91 9
73 9
42 7
8 7
83 9
91 9
91 9
8 9
23 0
38 8
34 22
8 15
3 8
7 12
7 6
2 5
1 16
8 13
8 10
8 16
5 2
6 12
7 6
2 8
1 5
2 0
7 16
5 5
6 10
2 10
1 5
2 2
6 11
100 37
24 54
19 54
36 49
58 14
6 63
42 40
1 13
0 26
29 59
53 20
1 42
47 31
10 59
36 4
43 31
23 1
33 45
58 10
10 28
35 42
28 63
39 47
50 16
30 20
15 29
43 31
1 8
5 22
39 24
57 2
37 9
35 56
58 63
37 22
8 2
12 22
33 60
65 42
14 2
44 2
44 0
44 2
43 2
21 0
17 0
7 2
5 1
32 1
2 1
11 1
29 1
18 1
40 0
28 2
17 0
44 2
20 1
5 2
44 2
41 0
44 2
33 2
32 2
42 0
44 2
43 1
27 2
31 1
23 1
44 2
12 0
22 1
41 2
10 2
15 0
25 2
3 0
13 1
15 1
10 2
99 14
13 20
28 29
31 48
20 48
24 40
6 7
20 48
32 48
30 35
31 44
32 45
25 24
32 45
17 11
88 62
16 2
7 4
3 10
0 4
30 8
36 2
28 10
24 7
34 10
12 3
11 8
26 10
26 6
21 0
2 0
36 4
1 1
36 6
28 8
22 7
20 10
4 11
17 5
24 7
34 11
5 4
6 4
36 11
13 4
8 7
17 0
31 9
22 2
9 0
36 11
22 2
36 11
1 0
33 6
6 1
21 5
36 11
1 6
28 10
0 9
33 11
36 8
17 0
3 6
27 9
16 10
6 0
35 0
31 1
15 4
4 3
6 6
34 10
33 11
1 2
34 9
28 10
84 47
20 32
24 35
10 4
24 28
7 14
22 35
31 1
46 29
46 19
3 2
16 32
28 28
41 16
0 13
18 17
12 6
45 25
31 10
3 35
6 34
46 3
44 33
46 15
23 11
37 13
5 33
19 9
13 25
37 28
42 10
46 33
38 2
28 15
6 11
0 31
6 18
0 1
28 11
34 18
11 19
30 28
26 3
3 2
42 3
25 7
26 24
44 23
94 55
16 7
28 11
52 8
33 11
55 11
36 2
44 0
6 11
14 10
26 0
55 11
47 1
33 6
50 7
19 7
55 9
53 3
38 11
11 3
3 1
43 6
18 8
30 1
5 9
51 2
55 7
38 2
6 7
21 0
28 5
28 10
47 9
49 7
25 2
51 10
35 6
21 6
47 10
27 9
48 8
28 11
42 4
6 0
55 1
9 11
3 6
19 0
0 1
16 2
51 9
40 11
54 10
13 4
50 0
2 11
73 22
2 4
18 4
24 11
27 11
27 9
32 8
35 9
12 0
37 3
38 4
31 9
35 10
41 10
35 9
14 6
0 2
18 0
31 4
41 9
1 1
40 11
10 1
86 100
9 12
5 1
11 66
4 12
6 17
9 15
23 0
29 41
17 4
20 39
35 8
35 26
62 15
3 14
0 2
63 4
4 26
50 24
36 27
21 19
17 19
11 43
6 49
13 0
23 39
23 9
0 8
1 7
0 61
28 2
49 8
84 0
13 27
4 6
37 39
66 14
2 37
23 26
1 26
7 57
46 31
10 41
47 12
6 4
86 0
17 36
0 9
9 9
20 54
46 1
19 45
34 3
24 37
37 9
28 12
15 20
5 8
9 2
61 7
1 71
0 2
2 61
26 55
82 2
50 35
30 20
3 17
0 86
38 8
38 6
23 6
9 32
14 12
67 11
35 38
43 38
36 36
10 7
15 22
22 45
27 7
20 60
23 51
44 29
18 59
25 5
10 17
26 39
61 17
10 13
54 4
69 10
42 27
1 70
40 15
4 14
15 3
80 0
2 64
8 8
78 28
6 39
5 17
4 22
0 24
5 8
3 34
3 38
3 15
1 14
2 25
4 32
6 11
0 12
0 30
2 7
5 6
3 23
2 15
3 38
3 1
3 6
5 39
6 13
4 30
3 25
5 39
1 1
1 8
100 100
0 49
0 10
0 13
0 55
0 4
0 65
0 13
0 52
0 25
0 6
0 22
0 11
0 55
0 20
0 11
0 78
0 80
0 43
0 17
0 73
0 20
0 11
0 35
0 33
0 74
0 32
0 26
0 44
0 33
0 34
0 47
0 39
0 26
0 65
0 38
0 39
0 73
0 80
0 70
0 37
0 70
0 23
0 52
0 80
0 57
0 64
0 21
0 28
0 79
0 25
0 57
0 23
0 28
0 34
0 49
0 63
0 25
0 40
0 11
0 77
0 34
0 37
0 51
0 32
0 20
0 45
0 27
0 3
0 8
0 1
0 7
0 8
0 19
0 50
0 25
0 54
0 48
0 62
0 13
0 24
0 37
0 59
0 25
0 47
0 58
0 19
0 52
0 29
0 54
0 71
0 68
0 70
0 40
0 77
0 78
0 42
0 12
0 6
0 15
0 8
100 93
7 35
10 67
14 53
11 39
12 61
8 33
5 42
0 16
0 57
14 26
13 67
9 35
9 72
5 20
10 62
1 67
3 29
3 27
9 32
4 18
4 37
5 37
7 36
3 0
11 76
4 76
10 42
13 0
5 16
1 16
0 24
7 37
7 5
10 54
12 22
0 8
11 68
8 13
8 56
6 30
3 14
1 4
11 51
2 68
8 47
14 75
0 76
2 35
7 60
2 74
6 52
2 1
1 52
1 39
11 66
1 70
11 48
0 27
12 15
8 34
6 16
2 6
4 76
7 76
14 46
8 64
11 4
2 0
1 74
2 8
1 67
7 59
6 61
12 28
1 22
8 1
6 11
8 76
14 76
14 42
4 62
14 76
11 10
14 11
14 36
1 37
8 64
13 76
2 60
2 5
12 24
2 16
3 2
91 20
12 25
10 9
9 24
25 21
23 43
17 45
23 45
1 9
1 0
6 43
16 15
3 38
1 45
25 32
12 21
19 10
25 41
2 6
5 4
20 32
99 54
15 8
39 54
9 19
23 70
2 0
20 3
39 36
11 3
14 13
6 34
14 59
57 15
21 78
3 3
13 23
71 86
0 1
51 19
6 7
33 27
67 8
1 12
0 7
52 13
13 39
1 30
47 32
16 82
11 46
12 4
12 17
37 32
25 25
71 11
46 35
1 1
0 24
24 67
58 13
24 1
71 3
0 39
10 78
3 2
8 46
22 72
5 23
8 5
41 32
0 3
15 4
36 48
16 9
6 50
86 75
43 14
18 5
6 9
69 1
5 63
77 68
1 42
1 41
21 55
18 0
29 28
1 2
4 26
30 30
15 41
27 46
12 27
20 64
77 1
77 0
11 19
20 44
11 23
77 68
1 0
37 43
3 18
17 58
57 7
16 6
77 68
55 0
26 12
0 8
15 4
42 21
10 4
56 4
2 57
13 41
47 13
6 13
38 0
8 3
26 21
23 53
11 5
16 16
23 53
38 4
49 2
0 17
32 7
11 10
15 0
16 8
12 21
5 64
25 60
27 39
30 46
5 16
28 31
25 21
16 55
19 8
2 19
49 33
4 1
21 52
10 11
39 32
60 22
27 25
62 13
54 49
43 0
0 6
0 5
12 36
23 70
30 7
23 31
24 7
11 2
46 7
6 8
5 9
34 7
19 6
19 31
37 9
40 4
23 27
48 70
9 40
7 70
40 0
12 2
30 7
48 6
36 12
1 11
25 2
12 13
6 25
10 6
4 12
9 6
38 16
15 26
29 25
23 13
20 32
32 19
48 1
31 19
18 28
5 45
10 5
12 7
19 16
3 29
27 0
11 0
92 66
39 33
7 5
28 31
31 47
17 42
41 20
41 44
25 47
26 12
12 3
41 21
5 10
34 43
7 0
38 24
23 28
40 30
3 14
11 3
16 32
24 47
33 30
34 32
8 47
25 45
39 47
28 45
40 33
30 21
32 32
2 34
40 23
21 1
32 7
7 0
19 12
38 40
38 40
38 41
6 15
4 19
24 47
30 43
38 44
38 13
37 45
10 46
10 21
0 4
6 34
41 40
41 44
17 37
40 10
34 42
40 47
19 32
41 45
3 47
3 32
13 37
39 47
41 18
39 20
28 0
33 47
100 85
19 11
12 9
15 0
5 12
2 0
21 6
6 5
21 14
19 13
4 2
19 3
9 4
9 9
18 9
3 5
19 2
16 12
22 7
8 12
22 10
12 10
9 1
0 1
2 1
21 12
18 8
22 14
8 1
22 14
10 9
1 6
10 9
6 9
1 0
2 3
1 2
17 0
1 5
3 11
18 11
2 0
5 9
1 11
4 0
20 14
1 6
6 0
15 8
11 4
17 7
19 10
8 7
8 2
11 9
6 13
22 2
12 1
4 10
8 12
1 1
4 0
21 12
20 4
2 11
10 4
9 4
2 0
18 14
15 13
2 8
16 2
10 5
16 13
19 9
8 4
22 14
1 11
4 4
15 10
21 10
9 1
11 4
2 3
5 9
20 9
100 100
45 3
51 7
51 3
53 4
40 0
50 8
0 6
1 3
20 1
51 3
5 4
1 4
40 3
43 5
33 5
16 1
42 3
19 7
44 3
10 8
26 4
32 3
30 0
13 5
17 6
53 8
23 9
55 3
46 4
22 9
14 0
5 3
30 4
46 9
49 9
48 9
15 1
28 8
19 0
37 6
16 2
1 0
13 8
41 3
1 8
1 0
7 7
2 9
23 5
1 0
34 3
13 3
36 5
1 0
15 0
20 9
52 6
33 9
54 9
52 4
1 0
49 0
25 5
19 5
50 2
10 2
16 7
43 2
4 8
36 2
6 3
44 3
4 2
55 9
55 9
54 9
51 8
28 6
8 2
10 8
3 5
25 9
5 3
37 7
33 8
7 1
30 9
14 7
32 8
0 6
48 0
46 1
26 9
25 8
50 9
37 8
55 8
19 5
40 0
42 1
100 100
19 51
20 5
1 3
49 11
27 41
6 83
50 33
16 40
54 10
50 33
0 1
79 7
7 1
1 83
21 19
25 1
4 13
4 6
18 59
24 26
24 5
0 2
33 47
2 75
18 63
16 50
28 2
65 28
37 24
74 22
4 42
19 39
14 7
70 23
30 13
36 33
24 6
6 0
95 4
56 28
28 52
19 31
9 10
7 0
14 65
37 18
4 17
2 0
32 8
14 9
27 3
40 1
24 3
7 0
25 2
24 7
19 71
23 64
5 83
4 70
85 0
4 83
29 47
12 66
0 10
68 25
5 68
47 9
6 5
36 43
37 51
7 13
3 2
2 0
2 6
9 2
0 16
50 22
83 0
53 38
1 51
60 35
25 6
69 27
29 66
0 63
24 67
22 2
20 23
67 25
3 37
6 23
10 4
30 21
20 71
56 27
34 41
5 48
5 2
6 46
92 85
7 4
15 20
12 0
2 2
15 17
13 15
14 19
8 18
4 3
4 0
17 12
4 17
8 17
10 14
6 6
15 0
10 5
1 18
13 16
17 12
4 1
12 2
7 1
4 10
15 19
12 13
4 9
7 14
3 9
15 17
16 8
2 16
13 19
6 4
11 12
15 19
5 2
9 10
5 18
9 12
5 1
3 5
16 8
4 16
3 0
2 5
13 20
3 6
15 12
0 10
5 3
17 16
7 9
2 0
17 20
15 9
15 19
5 15
0 8
2 5
0 5
3 3
11 16
3 18
12 8
6 20
0 3
2 14
11 15
10 20
7 15
17 13
0 4
3 3
11 16
13 11
10 1
10 8
11 16
14 6
4 0
16 18
16 18
17 20
3 11
90 93
33 11
12 3
71 12
10 14
20 8
66 21
8 2
23 56
23 49
34 35
16 25
4 85
10 65
49 32
7 5
3 85
6 2
15 28
63 19
39 46
7 19
30 20
2 8
6 80
20 23
68 11
42 31
10 0
36 0
5 14
32 58
38 3
13 32
0 1
71 7
5 43
23 12
32 46
8 16
42 34
1 1
5 9
40 0
1 34
21 19
3 48
64 16
28 6
71 0
2 2
12 25
2 85
4 1
23 61
46 24
3 16
5 3
16 17
6 0
4 21
5 4
54 6
4 22
67 20
71 1
6 34
28 59
1 35
10 12
0 3
10 1
21 7
38 48
71 6
27 29
17 0
20 3
52 34
13 4
67 19
6 3
27 37
0 7
46 5
37 44
2 0
1 63
4 85
53 4
41 23
5 22
23 27
0 10
86 41
13 39
61 19
28 3
13 11
27 41
24 61
24 25
3 8
14 4
16 61
28 39
58 28
24 20
5 12
36 50
10 46
67 61
40 33
13 60
36 21
31 12
61 4
53 16
67 61
2 5
18 29
3 13
67 61
25 9
54 20
0 58
53 25
53 14
3 33
52 26
16 9
1 2
2 1
67 61
34 30
19 9
94 100
6 0
9 0
1 0
9 0
4 0
5 0
3 0
17 0
2 0
8 0
13 0
3 0
2 0
11 0
1 0
19 0
19 0
1 0
15 0
7 0
3 0
14 0
15 0
12 0
13 0
18 0
10 0
4 0
5 0
9 0
18 0
2 0
19 0
12 0
15 0
5 0
7 0
9 0
4 0
17 0
6 0
10 0
15 0
11 0
12 0
14 0
13 0
12 0
15 0
8 0
2 0
18 0
7 0
14 0
13 0
8 0
5 0
4 0
13 0
12 0
1 0
19 0
15 0
4 0
11 0
10 0
1 0
14 0
14 0
17 0
15 0
18 0
1 0
4 0
4 0
1 0
6 0
15 0
4 0
3 0
11 0
5 0
7 0
1 0
15 0
11 0
16 0
8 0
6 0
17 0
17 0
1 0
5 0
8 0
19 0
9 0
19 0
3 0
11 0
11 0
86 33
1 9
15 6
6 2
41 14
12 15
36 16
32 11
41 14
38 15
10 0
14 14
29 8
26 0
4 13
37 0
40 15
22 0
11 16
9 13
5 6
41 16
11 9
6 4
14 2
19 15
7 1
11 16
11 4
39 4
9 5
33 9
41 16
41 14
78 50
21 8
1 28
19 44
19 39
11 16
23 20
2 1
14 38
22 25
6 3
23 44
18 38
14 20
1 0
10 0
8 24
5 0
16 40
3 12
19 31
18 1
1 23
6 30
22 28
23 44
1 3
0 15
13 6
14 23
0 3
2 16
12 44
13 42
23 41
4 8
18 32
14 43
4 28
19 18
22 38
22 44
2 4
20 44
3 5
19 12
8 24
9 30
23 44
16 18
20 29
74 96
4 23
10 1
16 1
6 65
38 11
9 0
31 22
32 80
38 19
30 35
27 38
8 10
3 1
26 1
0 2
4 6
16 80
17 23
3 2
13 34
6 27
0 4
1 3
30 8
22 1
1 48
33 32
8 39
0 4
3 43
7 16
10 36
13 7
37 24
17 80
8 14
25 43
10 9
26 34
25 7
17 25
1 0
30 7
35 24
3 71
28 11
14 47
29 35
1 61
34 22
6 44
7 12
14 36
14 7
21 31
9 40
8 0
9 14
38 16
7 59
7 14
12 1
6 0
38 18
3 31
9 3
31 5
3 34
37 2
15 23
23 51
31 8
26 4
36 24
5 24
1 1
24 1
4 1
0 27
3 24
29 29
36 38
4 11
13 37
5 52
3 2
17 30
25 40
6 24
25 4
32 2
22 43
8 17
24 35
0 4
27 7
51 69
3 1
6 8
6 19
7 4
3 6
6 32
12 0
11 28
5 23
6 35
13 2
0 1
2 1
26 12
7 9
17 24
15 32
41 9
1 6
17 13
43 4
25 12
1 34
5 0
7 7
3 3
2 22
14 23
4 16
32 7
3 11
8 0
0 6
10 8
13 7
10 23
6 0
26 22
17 14
6 40
4 32
9 8
6 6
3 10
6 30
2 1
7 8
20 29
0 19
18 14
3 10
28 17
10 9
25 0
16 33
3 4
3 5
3 31
10 23
41 4
5 0
16 1
2 2
2 2
33 8
7 6
14 17
43 6
15 21
100 27
48 4
7 2
47 11
49 11
24 12
0 2
14 8
25 8
37 2
32 6
14 12
31 0
36 1
26 4
49 0
0 1
17 3
15 2
33 4
26 11
20 5
7 12
5 2
1 0
49 8
36 6
3 1
93 40
45 11
23 60
31 24
1 18
40 44
26 24
0 4
7 7
1 92
14 4
58 10
6 23
23 50
1 92
2 50
17 3
18 49
1 6
16 1
49 12
63 29
39 31
3 4
4 4
32 19
30 16
58 26
19 63
55 9
0 51
33 3
3 0
1 29
28 25
86 2
93 0
1 7
0 92
16 74
73 19
81 13
9 61
25 9
4 25
2 10
38 17
86 65
34 13
3 7
6 2
4 39
1 26
11 33
73 7
100 48
36 4
2 9
13 15
21 13
24 29
18 46
26 0
5 2
38 29
27 12
8 1
6 45
43 53
44 52
31 57
3 6
35 8
39 2
5 48
43 11
6 12
44 51
31 18
22 57
8 10
7 49
25 9
16 45
36 56
26 29
27 56
36 29
33 57
16 28
44 22
24 24
36 5
5 13
31 51
2 58
14 26
35 47
29 58
9 2
0 2
34 55
26 58
44 55
77 27
0 44
0 26
1 46
0 51
1 53
0 72
1 74
1 49
0 74
1 29
1 13
1 74
0 69
1 38
0 28
1 5
0 74
1 38
1 28
1 25
0 50
1 52
1 36
1 54
0 69
1 14
1 11
100 92
8 35
72 2
5 0
6 7
47 13
14 57
15 16
72 5
8 10
98 0
15 10
18 36
11 7
29 51
3 21
3 10
3 5
1 1
2 32
55 43
39 20
19 42
98 0
12 59
12 3
78 12
26 43
34 15
14 42
52 47
2 95
51 42
2 88
72 11
7 70
5 3
9 1
23 11
2 13
62 28
38 50
0 3
17 43
47 32
5 95
34 15
37 58
21 18
3 48
10 44
28 37
64 34
7 45
16 13
15 22
42 56
87 9
49 36
12 8
24 60
21 64
41 22
47 14
12 15
19 12
17 13
12 25
0 4
1 60
61 5
0 4
9 8
46 9
7 14
61 12
22 26
98 0
42 15
15 36
0 31
27 0
50 3
0 56
65 25
14 16
1 0
9 89
4 6
11 14
42 24
24 25
71 19
79 100
17 32
25 31
15 31
27 31
16 13
27 16
24 25
24 32
10 14
22 32
0 9
13 21
7 7
1 0
27 32
24 32
27 10
24 23
13 30
1 2
3 6
27 32
10 27
22 26
17 25
9 30
27 11
19 27
18 15
25 18
16 8
23 30
24 26
7 1
8 16
1 5
14 30
21 13
4 13
27 32
8 9
25 30
23 30
23 26
27 2
4 3
7 32
13 13
12 9
20 32
1 0
12 19
24 27
11 29
27 26
20 21
16 32
14 32
9 31
16 20
10 13
27 27
10 3
10 14
0 22
0 7
24 29
3 31
16 28
7 7
27 31
19 8
1 1
27 20
9 9
11 13
12 19
16 30
3 9
22 28
3 28
11 17
2 17
27 31
3 0
3 26
3 31
2 24
11 3
3 15
27 28
2 10
20 25
1 1
3 8
19 0
23 3
26 27
21 32
23 21
91 93
33 3
13 3
4 0
23 4
42 14
31 31
4 10
7 0
3 8
31 28
39 31
28 29
1 5
0 1
30 31
45 28
44 19
44 8
36 31
27 27
7 3
16 31
40 29
26 4
3 8
44 29
40 15
46 18
41 27
6 6
45 11
7 24
0 4
46 14
41 26
28 2
0 15
46 15
11 23
44 27
46 6
35 26
2 13
12 28
30 25
46 30
42 21
44 31
22 16
43 28
14 23
46 20
5 10
6 8
24 23
30 9
35 31
35 1
44 24
2 22
42 15
11 15
45 28
32 29
11 7
5 14
41 20
2 3
4 28
37 0
25 28
4 3
37 15
43 18
43 27
10 4
46 14
46 31
13 16
0 2
34 11
26 29
0 12
42 8
5 4
5 28
37 11
30 8
43 29
24 22
15 0
26 0
18 3
93 80
38 17
25 10
3 13
1 20
16 20
29 6
30 8
18 30
37 18
24 25
38 12
22 18
20 4
37 16
33 7
15 25
27 23
4 28
32 26
2 2
15 2
8 7
2 8
23 8
37 18
37 28
31 2
36 19
36 29
38 22
36 25
5 26
6 1
20 11
10 27
5 7
28 30
21 20
37 30
13 22
35 20
33 11
24 23
1 0
26 4
36 28
3 16
2 13
38 25
23 2
38 30
30 21
12 25
3 5
38 21
29 8
20 29
20 15
29 18
6 4
6 10
5 9
2 13
26 11
24 1
0 2
6 4
37 27
35 30
38 28
0 1
19 6
16 4
12 14
38 1
1 30
29 26
1 13
12 15
11 14
69 99
8 21
6 60
19 2
21 14
4 54
25 41
32 31
15 2
5 50
14 8
4 50
12 6
5 19
2 24
0 43
0 9
38 76
4 39
2 17
14 32
46 10
37 6
38 0
4 56
4 20
11 17
0 3
19 7
13 4
25 28
13 17
36 20
0 1
16 12
6 16
11 2
2 2
6 25
27 10
1 2
6 10
63 1
14 45
19 48
46 6
7 7
9 23
58 76
23 11
0 6
15 1
4 2
5 2
64 3
9 15
43 0
20 43
92 46
2 15
3 14
3 3
17 1
1 34
31 21
9 10
29 24
2 10
9 15
51 3
59 9
23 44
5 17
66 1
34 8
15 7
0 20
56 7
3 3
36 16
31 29
2 0
92 14
9 7
15 9
2 24
7 1
2 0
35 10
45 10
0 7
13 30
8 6
1 48
8 20
13 5
11 24
48 4
10 6
8 48
65 100
15 1
12 1
36 3
33 0
4 2
6 2
37 3
37 0
34 2
21 2
12 2
4 1
19 2
34 3
35 1
30 3
12 2
17 2
20 0
2 0
11 3
35 3
18 1
13 2
15 0
32 3
38 3
35 2
33 1
23 3
34 1
34 1
5 1
15 2
14 2
37 0
4 3
14 2
35 3
38 2
1 2
17 0
5 3
29 0
38 3
34 1
38 3
2 1
34 1
15 3
27 3
36 1
33 1
4 2
0 3
22 1
20 2
20 0
36 2
34 3
35 0
26 2
7 2
16 3
12 0
35 1
29 2
23 2
17 2
5 0
7 3
9 2
28 2
38 3
2 2
38 3
13 0
33 0
26 3
33 1
28 3
3 0
18 1
20 1
2 1
26 2
3 0
19 2
28 2
35 2
23 2
10 0
3 3
22 3
28 3
32 1
13 3
38 1
9 2
0 1
100 14
75 13
31 59
3 3
38 10
2 0
78 69
1 9
70 9
42 50
66 22
3 43
33 60
19 36
33 16
91 95
40 24
15 26
24 17
19 0
21 2
34 12
32 15
38 23
5 13
34 10
43 25
1 7
10 25
48 27
27 2
11 2
48 27
27 14
30 21
47 3
48 8
5 12
15 25
20 19
41 15
12 8
8 7
46 0
46 26
43 25
1 21
43 13
7 5
22 1
40 12
1 16
11 21
48 19
1 11
13 13
47 25
19 16
0 1
46 27
7 25
34 27
8 7
20 19
43 27
41 22
47 15
27 11
40 18
1 2
37 13
47 23
2 5
4 2
7 24
40 18
46 16
18 15
4 1
40 2
19 0
10 8
48 26
17 22
28 1
2 1
48 26
6 1
44 23
28 10
46 13
11 1
40 25
46 27
25 26
33 8
46 18
5 8
1 4
46 26
9 16
48 27
39 23
48 20
2 0
41 14
9 7
2 16
43 11
48 21
31 21
87 100
1 8
2 5
0 1
1 6
0 2
2 11
1 0
1 6
1 11
2 1
1 10
2 5
2 2
0 7
0 1
0 7
2 0
2 11
2 11
1 10
0 9
1 1
2 11
1 11
2 11
1 0
2 3
2 3
2 6
2 5
2 1
0 2
0 8
1 6
0 2
2 6
2 10
1 10
1 10
1 11
0 11
2 6
2 7
0 2
2 3
0 2
1 3
0 11
0 11
2 3
1 6
0 3
1 1
0 9
2 11
2 3
1 7
1 7
0 1
1 11
2 5
2 8
0 11
0 7
2 11
2 3
2 3
0 7
1 4
1 0
1 7
2 4
1 8
0 3
2 8
2 11
1 6
1 5
1 11
2 4
1 0
0 11
0 10
1 10
2 6
1 2
1 10
0 8
1 5
0 8
2 11
2 9
0 6
2 7
2 0
1 10
1 2
0 5
0 10
0 9
84 100
13 13
22 28
7 5
15 15
21 30
13 32
2 4
15 21
3 31
2 32
14 27
23 24
13 13
18 18
0 4
13 33
1 2
2 25
1 27
13 25
16 15
3 11
13 2
23 1
19 14
17 31
21 14
21 27
21 33
12 24
14 17
14 32
16 10
23 29
23 33
20 17
15 33
3 5
5 19
1 27
16 6
18 2
4 19
3 1
1 8
7 14
16 24
1 28
4 21
23 9
15 21
23 15
8 33
13 9
13 15
19 29
10 24
14 3
15 15
23 22
19 11
1 21
12 9
21 30
11 3
3 5
9 20
20 24
1 33
10 26
23 21
0 26
0 9
19 18
0 8
23 32
23 14
10 13
23 25
20 27
2 2
23 0
14 27
6 4
16 27
11 33
2 2
16 7
22 33
7 4
19 21
15 3
4 7
15 32
13 33
13 2
11 28
19 4
18 33
6 2
74 18
7 5
2 17
4 2
18 28
12 23
13 21
16 1
0 5
6 30
18 31
17 4
11 1
16 29
18 31
9 4
0 30
0 1
6 6
100 31
65 10
78 5
62 22
10 67
40 24
57 9
16 22
15 12
6 61
44 1
22 10
67 11
21 24
57 20
27 22
11 53
4 5
6 17
2 52
53 1
52 37
12 49
79 19
91 67
11 18
67 0
79 9
66 29
48 8
27 5
33 40
40 52
5 0
10 11
18 8
4 1
19 21
5 14
10 14
9 12
11 1
1 2
13 7
20 18
12 20
22 13
4 14
8 4
0 39
0 9
14 12
6 31
1 5
26 14
14 14
8 31
3 4
16 2
11 23
4 0
1 1
26 13
2 7
9 3
22 11
1 2
1 4
21 14
0 18
16 13
27 12
21 9
12 11
16 19
15 25
19 19
6 1
19 2
24 7
10 12
2 2
15 0
11 21
0 8
58 27
5 28
4 35
5 16
3 35
3 12
1 7
5 18
2 0
3 36
5 25
2 29
0 20
3 17
4 10
0 31
5 16
3 2
2 23
1 14
5 14
4 29
5 36
1 30
3 10
2 24
4 36
1 36
79 6
69 6
23 1
30 6
2 5
17 6
17 6
75 85
7 1
35 14
1 18
5 25
21 99
58 2
12 5
31 43
4 32
8 37
15 18
15 41
35 39
12 57
15 1
2 71
14 1
4 5
25 34
44 5
39 6
16 10
15 57
1 40
28 8
8 99
3 0
29 33
23 12
9 7
7 41
8 51
23 41
64 7
68 99
17 51
2 38
34 38
63 99
1 12
0 54
5 30
91 99
18 28
50 14
2 18
53 4
10 33
36 99
32 99
20 19
35 2
63 3
67 6
27 18
11 13
17 19
0 29
5 7
8 1
31 3
6 42
40 9
26 1
38 5
12 2
28 33
4 17
1 9
11 8
18 99
4 0
3 9
1 17
2 10
27 12
16 12
0 1
39 13
22 5
34 3
13 6
6 13
0 4
26 32
100 99
66 3
21 28
85 13
11 1
56 11
52 24
0 2
83 3
10 26
81 15
56 25
6 4
48 35
62 8
9 19
28 27
13 4
1 3
8 9
31 0
20 5
67 7
43 28
5 10
8 25
43 20
10 0
33 34
30 16
22 8
70 10
10 17
10 7
75 24
51 20
51 32
5 28
15 1
5 5
58 35
11 5
25 16
48 29
21 5
66 31
6 24
0 2
38 8
12 16
77 16
15 4
57 13
8 25
39 32
8 2
57 32
7 10
90 2
2 7
38 33
64 29
17 1
29 24
24 29
2 24
60 24
16 15
53 8
90 4
41 5
16 33
20 22
12 27
30 5
2 0
10 24
32 23
26 22
80 12
50 20
90 7
87 4
29 22
2 3
9 9
12 30
18 34
16 4
68 13
31 13
1 16
68 2
10 26
2 1
64 17
24 18
8 7
23 10
63 18
57 87
23 16
10 9
25 8
21 1
24 8
22 12
28 13
31 14
4 16
17 14
2 3
32 16
21 6
17 12
3 2
2 9
26 16
31 2
29 16
30 16
31 8
0 13
32 14
31 16
1 0
2 0
30 15
29 12
30 12
12 9
27 7
14 0
4 5
10 13
32 16
30 0
32 8
28 4
3 9
26 1
5 16
26 16
5 0
19 4
30 6
6 2
32 14
17 4
8 11
19 13
32 2
5 5
30 15
4 10
17 4
13 4
25 0
22 7
30 16
26 12
2 14
31 9
27 11
8 2
32 15
9 8
32 6
15 0
32 16
24 2
32 4
25 13
17 0
17 12
16 15
10 10
26 8
0 1
10 16
5 12
17 0
20 1
3 1
6 2
7 6
27 12
22 13
63 60
7 6
4 1
0 5
6 10
2 6
0 4
1 2
3 6
3 0
7 10
3 10
7 10
1 5
1 3
7 10
7 10
7 5
1 5
3 2
1 8
5 5
7 9
1 2
7 10
5 5
4 0
0 7
2 4
1 1
5 8
6 9
4 6
5 10
3 3
1 8
6 6
1 3
5 3
1 2
1 0
6 9
0 3
2 2
4 5
0 9
3 10
3 1
7 3
5 10
0 9
6 2
7 7
1 10
1 0
0 4
7 9
5 10
7 10
0 4
1 0
79 97
21 2
17 6
2 1
1 0
1 10
17 27
3 6
21 33
6 2
17 34
4 13
20 32
21 34
15 26
5 8
11 6
0 1
1 10
14 29
9 29
0 20
8 23
21 31
21 6
4 5
9 25
13 32
9 2
9 34
21 33
8 2
20 34
19 31
20 34
1 3
9 15
7 9
13 25
12 31
18 33
20 20
12 33
17 17
2 25
14 30
17 23
3 34
21 30
13 7
0 5
8 0
17 3
13 2
2 0
21 26
5 17
18 3
8 15
9 4
12 9
1 0
3 5
8 1
13 7
1 18
3 20
21 34
1 0
18 22
19 14
15 23
10 17
5 23
21 31
13 32
2 2
13 18
15 16
4 0
15 1
14 17
10 9
2 8
13 31
20 13
10 34
21 34
16 33
12 32
18 17
0 2
11 21
21 34
8 16
1 5
18 6
16 13
100 68
14 48
72 14
4 13
1 5
4 9
4 0
5 1
19 0
46 32
20 69
63 36
14 46
89 2
2 97
17 15
14 13
60 19
3 10
12 2
33 15
1 8
89 11
42 39
7 8
48 15
15 63
5 51
8 53
16 4
61 34
9 21
11 37
6 8
26 0
37 18
4 3
69 16
17 18
13 31
33 25
43 3
22 16
0 1
56 14
4 65
61 29
3 31
18 77
4 2
29 4
9 4
31 3
7 1
2 18
28 0
18 13
60 6
64 32
21 6
25 5
35 44
59 1
38 18
0 25
28 43
26 25
24 35
28 42
63 8
20 9
14 1
30 10
4 3
17 9
0 3
43 11
43 14
98 41
19 50
23 36
26 7
22 11
33 45
33 53
8 10
12 8
33 54
33 14
17 25
17 53
30 9
1 24
26 13
9 7
8 37
16 9
23 54
2 0
32 44
7 1
32 4
20 16
30 17
27 46
22 52
3 7
31 12
23 4
23 46
1 19
30 4
33 52
28 46
9 39
10 48
32 54
10 0
21 51
31 33
95 37
35 23
35 19
19 24
35 24
26 4
18 15
31 24
12 13
30 2
29 20
14 5
14 18
10 16
23 0
33 21
12 17
6 5
7 12
34 21
6 16
37 25
0 6
36 25
34 13
35 15
8 23
12 2
23 17
1 0
6 3
1 25
35 15
34 25
17 17
11 6
37 22
23 12
98 100
4 7
7 1
24 41
11 37
5 19
2 5
56 10
51 25
3 5
4 3
58 15
45 41
4 1
43 44
5 2
22 32
44 30
23 45
0 6
37 16
41 11
6 20
5 5
55 31
18 5
39 38
5 12
4 18
12 37
44 10
82 0
48 0
7 43
100 16
7 3
6 13
41 22
1 34
4 2
1 0
1 36
2 25
100 45
38 28
55 21
33 44
1 18
23 3
8 11
43 18
32 43
21 45
37 38
28 26
18 15
17 7
44 21
17 1
21 36
79 7
11 21
41 9
63 0
9 2
45 26
48 37
0 31
46 17
15 45
90 3
0 1
78 18
38 31
8 45
71 18
56 12
34 11
36 45
12 45
100 41
1 0
24 20
10 18
41 12
1 6
78 8
100 25
16 13
2 45
46 33
36 0
100 8
0 15
100 18
79 3
19 1
14 22
5 18
17 20
27 11
100 71
48 5
62 5
31 0
5 5
40 7
6 0
19 2
9 5
65 5
3 2
0 4
1 3
69 2
78 5
37 0
35 5
16 5
34 6
51 0
9 7
51 7
8 5
75 6
68 0
44 1
44 0
3 7
68 5
21 6
45 2
16 7
46 1
32 6
24 1
9 3
65 6
24 4
27 1
16 4
57 7
42 3
59 2
71 1
41 5
74 1
10 4
45 2
13 1
78 7
39 4
29 7
8 5
25 7
3 4
34 4
44 3
78 4
70 0
33 4
5 1
66 7
65 6
21 5
45 2
16 5
63 6
76 7
8 5
53 4
4 1
71 7
72 3
7 14
2 16
10 39
100 61
3 25
45 2
30 44
15 52
2 6
22 2
44 35
27 6
1 75
2 1
5 1
7 30
2 13
9 66
44 32
62 33
11 74
8 5
23 17
23 24
23 68
16 9
19 1
60 2
6 73
15 58
35 33
5 0
6 8
4 9
25 23
65 31
1 15
4 31
20 12
46 41
57 33
3 0
46 37
24 43
35 43
60 37
8 2
3 20
7 41
56 40
43 6
69 77
9 18
57 17
4 43
52 46
28 26
7 43
10 40
5 12
19 74
38 54
52 15
25 39
50 49
94 43
2 7
5 4
9 4
12 8
10 6
6 6
7 3
3 0
3 2
3 4
9 8
1 1
0 1
9 0
4 0
12 4
10 3
11 3
12 8
5 8
1 2
3 8
10 7
3 0
6 7
5 2
5 5
10 7
12 8
9 8
2 5
10 6
9 2
7 0
7 1
2 2
9 2
1 1
0 8
10 1
10 7
11 1
2 3
64 72
4 17
13 8
4 23
19 25
19 22
6 12
18 3
19 21
12 15
9 9
5 3
1 7
9 25
1 13
8 25
19 22
17 17
5 1
11 0
8 20
17 16
4 0
14 21
18 23
2 25
17 12
17 24
15 9
16 9
16 23
1 0
6 9
19 1
19 11
9 20
5 15
19 0
0 1
11 25
14 19
2 4
9 7
4 11
15 15
15 22
2 7
3 5
15 23
2 4
6 2
13 20
19 23
4 12
15 25
0 4
0 19
2 2
11 0
19 25
19 24
14 24
3 0
10 22
0 5
8 0
2 3
8 22
4 6
18 23
19 1
11 14
3 17
90 100
23 23
62 20
60 21
2 15
56 5
35 1
0 4
0 2
1 2
2 5
3 15
12 6
3 19
64 24
19 14
9 8
64 24
18 20
13 22
18 5
18 22
41 21
6 9
54 24
64 12
1 2
7 11
57 19
39 5
3 20
54 6
31 21
9 13
4 3
40 19
28 16
26 3
1 8
49 24
56 1
52 15
51 9
64 24
36 4
0 22
7 1
58 1
9 10
8 1
3 9
21 16
47 13
0 3
64 24
11 20
5 14
29 7
33 17
53 15
2 8
52 24
63 17
42 10
43 12
9 13
57 11
2 8
55 2
14 13
35 2
48 14
5 4
31 21
5 3
5 14
39 22
49 8
34 19
49 21
19 22
6 1
13 5
11 20
49 16
58 16
0 7
64 22
64 21
53 19
4 20
38 12
4 24
22 8
63 24
58 12
20 18
19 2
33 22
57 10
45 18
88 22
8 11
10 31
4 21
9 24
13 23
5 10
11 48
6 26
0 3
13 21
8 38
1 2
10 72
11 67
8 60
4 57
13 33
5 24
13 5
2 72
0 7
9 4
85 53
40 19
70 20
43 8
29 1
51 10
4 0
33 10
43 5
31 8
15 7
51 20
70 20
70 20
4 4
39 15
4 10
68 8
27 5
64 12
30 6
31 17
62 9
56 11
70 20
5 5
70 20
27 8
46 17
11 6
8 11
10 0
11 5
5 1
57 6
6 13
14 2
68 0
34 7
36 16
30 7
23 13
28 19
0 4
55 20
44 15
60 15
70 13
7 8
8 10
54 11
23 7
70 5
68 12
69 73
5 15
4 65
9 10
0 12
4 49
9 11
9 1
8 78
1 5
9 19
2 37
3 17
5 2
7 13
3 33
6 51
0 67
2 13
6 59
4 36
2 13
1 1
9 33
1 6
8 0
9 58
1 1
7 19
2 8
1 78
9 33
2 14
8 17
7 38
5 44
5 6
1 21
7 33
7 37
1 26
4 11
2 34
7 55
3 26
7 29
1 43
6 46
1 4
3 22
8 52
2 32
0 1
9 46
0 48
2 66
7 21
0 62
4 46
2 58
5 45
4 6
1 0
2 1
5 7
5 64
7 42
0 43
7 20
0 57
0 43
6 7
3 17
2 10
80 100
49 2
8 1
57 2
62 1
24 0
45 1
37 1
9 0
44 2
32 0
32 0
59 2
23 2
73 2
32 2
69 2
22 2
24 2
15 2
0 2
9 0
73 1
37 0
54 2
25 0
35 2
47 1
49 2
29 1
5 0
32 0
69 2
25 0
62 0
57 2
73 2
25 2
59 2
37 0
21 1
38 0
55 0
30 0
47 2
56 0
41 2
60 1
30 0
42 1
26 2
61 1
43 1
25 0
9 2
14 1
73 1
63 0
18 0
37 2
17 2
27 0
5 1
53 1
38 1
49 2
58 0
53 0
50 2
25 2
22 1
73 1
25 1
35 0
27 0
22 2
68 2
3 2
46 2
46 0
55 2
32 0
42 2
14 0
13 0
43 1
0 1
31 1
15 0
34 1
59 0
11 2
31 1
41 2
32 1
53 1
54 0
27 2
41 0
13 2
30 0
100 46
7 7
8 34
22 46
28 34
13 77
16 37
0 82
20 78
4 64
12 20
1 46
6 4
74 23
11 82
1 2
12 75
23 71
25 6
47 33
99 0
1 0
8 6
69 25
27 54
8 22
20 0
13 2
2 0
2 5
0 78
99 0
0 5
2 9
99 1
41 42
22 77
2 1
27 5
19 30
18 4
31 9
99 1
90 8
0 7
70 22
88 5
73 7
32 2
2 0
3 5
7 11
3 7
56 10
56 11
75 56
21 14
1 0
22 11
0 2
24 14
38 2
22 10
46 6
4 0
28 7
39 10
10 6
56 9
34 6
51 6
4 10
7 1
21 11
51 3
2 7
16 9
20 1
29 13
51 0
57 11
57 9
2 1
21 14
31 4
40 5
25 14
37 7
32 2
24 6
29 9
20 5
0 2
52 12
55 14
45 5
36 7
7 2
2 6
51 14
39 11
52 12
57 10
10 7
33 4
53 14
28 14
34 1
41 12
30 1
6 3
41 14
66 42
21 7
35 3
33 18
36 6
39 10
37 4
22 17
27 14
20 15
35 7
31 9
36 3
36 12
32 0
34 18
26 3
6 3
36 16
36 18
22 2
23 10
28 12
37 4
37 16
34 5
34 5
28 8
29 12
38 6
4 1
21 8
31 18
15 17
39 3
9 5
15 15
31 17
31 18
25 3
39 16
38 14
3 1
62 96
31 0
20 0
39 1
28 1
2 0
23 0
21 1
25 1
14 0
47 0
6 1
36 0
10 1
3 0
41 1
4 1
20 1
50 0
49 0
15 1
12 1
27 1
37 1
47 0
51 1
33 1
8 1
29 1
3 0
46 0
26 1
33 0
51 1
43 1
29 0
51 1
17 1
51 0
44 0
18 0
27 1
11 1
40 1
42 1
3 1
9 0
36 0
51 0
35 1
24 1
8 0
12 0
32 0
48 0
28 0
27 1
38 1
3 0
13 1
46 1
49 1
5 0
28 0
11 0
5 1
26 0
51 0
25 1
40 1
45 0
4 1
33 0
30 0
44 1
22 1
14 0
2 1
48 0
5 1
47 1
26 0
35 1
42 1
13 0
51 1
48 1
20 1
20 1
0 1
9 1
35 1
49 0
31 0
38 0
34 0
32 0
71 98
29 12
14 2
29 1
25 13
8 4
32 10
8 4
8 0
2 3
4 0
6 0
3 3
20 6
6 5
10 7
12 10
10 10
31 2
35 10
26 11
30 8
23 0
17 13
5 10
36 4
4 2
36 13
36 8
28 1
19 9
35 9
8 13
21 13
13 11
1 6
29 4
2 13
29 12
24 9
9 3
24 1
31 9
18 10
5 7
34 11
24 11
32 11
36 12
26 2
21 13
13 8
31 0
0 10
34 6
36 11
18 2
8 8
12 8
11 7
29 8
3 10
4 12
34 11
22 12
20 2
32 3
12 5
4 6
7 2
0 1
14 7
27 2
3 1
35 1
25 11
18 13
27 13
13 12
21 11
35 2
25 2
2 1
1 4
31 12
23 1
8 5
7 0
33 8
31 13
19 6
15 1
14 10
34 13
35 11
33 2
30 10
13 0
34 9
35 100
20 1
19 1
23 0
30 4
17 1
7 1
5 3
29 3
30 2
26 1
16 2
15 4
10 1
7 3
18 2
25 4
20 4
30 1
20 4
17 2
7 1
19 4
20 3
19 1
15 4
8 3
29 2
21 1
8 1
11 2
11 3
8 4
17 4
21 3
25 3
1 0
27 2
18 4
24 3
17 2
20 2
9 3
30 1
27 4
21 2
9 4
5 3
7 2
5 1
30 0
3 3
11 4
30 1
5 4
30 4
28 3
7 4
23 0
28 1
28 0
29 3
21 1
15 1
30 4
30 3
20 3
7 2
4 3
10 0
3 3
26 4
25 0
26 3
28 1
24 1
12 4
12 0
24 4
18 0
17 1
28 2
30 4
27 4
16 1
2 3
5 2
19 4
24 1
8 3
20 2
5 4
5 0
8 4
17 4
3 4
16 3
14 3
2 2
4 3
24 1
60 59
16 1
32 4
14 1
14 1
28 0
30 4
9 1
37 5
9 5
23 4
6 0
25 0
1 4
3 5
22 5
22 2
26 2
18 4
19 2
4 3
0 3
16 5
6 4
24 3
1 1
11 1
21 0
22 4
13 4
21 1
20 4
25 5
5 3
37 3
1 4
29 2
30 0
11 4
15 0
6 5
35 5
13 0
1 1
15 4
30 2
33 5
1 0
13 1
17 3
20 4
24 4
21 2
8 1
9 0
10 0
30 3
27 2
37 5
12 0
78 19
36 35
28 41
36 12
34 38
2 0
24 32
33 19
4 16
32 40
33 31
12 18
17 10
23 32
23 1
30 24
34 42
3 36
31 39
14 18
100 100
15 2
4 58
3 57
26 66
16 26
40 6
14 6
6 2
33 26
2 57
4 83
33 50
27 30
19 1
21 1
4 28
27 58
5 44
31 45
22 29
26 2
26 60
34 26
20 11
0 100
27 2
11 62
22 24
25 26
21 28
17 81
7 8
8 68
18 22
2 83
27 18
12 53
2 1
39 14
21 56
29 23
1 7
33 43
19 49
2 46
11 6
3 0
24 26
29 69
35 2
4 96
5 64
1 1
20 68
8 82
28 55
14 24
22 35
22 28
34 20
18 36
1 40
19 1
27 39
22 3
0 13
3 25
20 52
22 60
38 17
5 17
2 2
23 63
8 89
9 89
20 15
6 76
26 23
17 57
4 58
33 26
7 45
1 47
30 51
10 53
11 21
26 38
15 39
0 13
0 1
39 18
10 2
28 61
26 35
0 34
30 37
29 53
15 52
6 0
4 33
68 70
6 44
3 16
14 18
11 22
10 10
4 2
11 30
1 14
0 19
0 50
10 52
4 52
5 4
12 52
13 51
14 42
2 29
8 26
14 34
2 20
10 50
8 2
1 4
1 41
7 1
10 20
8 22
7 18
10 47
12 50
13 21
6 13
0 22
3 22
0 44
5 49
1 43
6 33
12 48
5 34
8 18
8 41
8 26
2 40
7 0
14 52
14 42
2 14
5 0
4 9
6 5
5 50
13 15
12 4
1 17
5 39
1 40
14 44
1 35
4 31
10 26
7 52
0 1
5 21
0 44
14 23
14 32
12 12
8 5
10 5
86 44
14 26
37 14
12 22
49 11
1 5
31 6
29 26
40 32
6 61
11 2
4 0
13 20
22 17
27 38
13 52
4 14
2 67
26 9
19 67
11 13
19 30
34 7
20 29
28 7
1 40
29 28
33 19
38 46
1 6
2 44
45 31
47 35
20 7
8 28
37 25
49 17
6 46
43 18
7 2
33 18
33 5
0 4
49 26
1 44
100 11
4 49
15 44
4 6
40 49
32 40
13 34
43 50
7 3
24 47
33 10
3 0
78 89
13 9
57 20
65 12
7 1
53 17
35 16
15 17
90 31
3 25
2 47
4 24
90 11
14 16
3 0
2 6
2 21
17 29
6 49
37 26
69 3
45 8
6 2
14 3
65 12
53 5
17 37
34 37
2 7
14 3
34 26
3 4
21 49
16 7
51 17
8 42
25 7
64 3
5 49
1 9
12 18
2 13
56 16
26 13
10 12
0 10
68 6
40 24
57 3
55 8
12 21
0 1
24 28
11 49
34 13
14 5
76 2
14 9
22 37
9 22
0 7
26 9
36 13
39 0
0 28
90 6
0 47
7 4
43 0
14 11
20 4
1 17
5 16
11 4
20 49
77 1
25 39
20 40
54 9
20 29
35 7
0 10
43 2
1 3
20 24
39 0
21 48
90 13
0 42
71 3
94 54
10 15
8 4
7 14
4 11
10 15
10 20
10 14
2 2
2 17
10 19
7 15
0 10
5 17
2 3
9 16
3 20
10 20
2 8
3 8
1 20
10 20
4 13
2 18
9 20
9 20
9 0
10 20
10 19
2 0
3 4
10 2
0 3
9 6
2 19
10 11
5 1
0 1
0 5
4 1
7 2
3 3
5 11
5 8
9 20
10 7
5 11
9 15
6 17
10 13
3 3
8 17
1 14
10 15
6 0
93 10
21 2
30 5
69 0
53 4
70 2
87 5
81 0
87 4
87 4
48 1
57 77
0 2
0 19
12 0
8 6
2 14
0 4
14 30
27 22
21 1
25 12
2 12
9 11
27 16
9 34
14 25
11 6
3 0
26 22
7 3
24 31
9 0
20 32
12 19
4 16
3 33
36 5
31 4
2 7
28 9
28 21
10 23
2 28
1 27
8 27
4 39
4 0
10 38
7 17
22 29
10 5
13 13
3 9
32 12
10 36
9 7
10 47
5 0
8 37
13 14
17 12
1 2
24 4
1 6
5 52
7 38
15 20
2 9
30 2
24 6
27 7
9 1
30 24
6 0
16 13
8 0
10 26
23 0
37 84
2 41
28 0
0 7
4 3
4 45
0 1
17 84
30 25
15 14
63 39
17 38
4 14
11 9
13 7
23 6
3 1
21 0
0 17
23 34
10 18
18 35
20 36
7 35
4 7
9 3
23 26
9 32
23 35
21 38
16 35
11 6
20 8
5 15
23 36
7 8
12 10
8 13
5 24
2 29
17 8
15 4
12 31
17 19
11 19
23 27
0 2
2 18
1 38
3 38
